/*--------------------------------*- C++ -*----------------------------------*\
  =========                 |
  \\      /  F ield         | OpenFOAM: The Open Source CFD Toolbox
   \\    /   O peration     | Website:  https://openfoam.org
    \\  /    A nd           | Version:  8
     \\/     M anipulation  |
\*---------------------------------------------------------------------------*/
FoamFile
{
    version     2.0;
    format      ascii;
    class       labelList;
    note        "nPoints:19800  nCells:9680  nFaces:38940  nInternalFaces:19140";
    location    "constant/polyMesh";
    object      neighbour;
}
// * * * * * * * * * * * * * * * * * * * * * * * * * * * * * * * * * * * * * //


19140
(
1
44
3871
2
45
3870
3
46
3869
4
47
3868
5
48
3867
6
49
3866
7
50
3865
8
51
3864
9
52
3863
10
53
3862
11
54
3861
12
55
3860
13
56
3859
14
57
3858
15
58
3857
16
59
3856
17
60
3855
18
61
3854
19
62
3853
20
63
3852
21
64
3851
22
65
3850
23
66
3849
24
67
3848
25
68
3847
26
69
3846
27
70
3845
28
71
3844
29
72
3843
30
73
3842
31
74
3841
32
75
3840
33
76
3839
34
77
3838
35
78
3837
36
79
3836
37
80
3835
38
81
3834
39
82
3833
40
83
3832
41
84
3831
42
85
3830
43
86
3829
87
3828
45
88
46
89
47
90
48
91
49
92
50
93
51
94
52
95
53
96
54
97
55
98
56
99
57
100
58
101
59
102
60
103
61
104
62
105
63
106
64
107
65
108
66
109
67
110
68
111
69
112
70
113
71
114
72
115
73
116
74
117
75
118
76
119
77
120
78
121
79
122
80
123
81
124
82
125
83
126
84
127
85
128
86
129
87
130
131
89
132
90
133
91
134
92
135
93
136
94
137
95
138
96
139
97
140
98
141
99
142
100
143
101
144
102
145
103
146
104
147
105
148
106
149
107
150
108
151
109
152
110
153
111
154
112
155
113
156
114
157
115
158
116
159
117
160
118
161
119
162
120
163
121
164
122
165
123
166
124
167
125
168
126
169
127
170
128
171
129
172
130
173
131
174
175
133
176
134
177
135
178
136
179
137
180
138
181
139
182
140
183
141
184
142
185
143
186
144
187
145
188
146
189
147
190
148
191
149
192
150
193
151
194
152
195
153
196
154
197
155
198
156
199
157
200
158
201
159
202
160
203
161
204
162
205
163
206
164
207
165
208
166
209
167
210
168
211
169
212
170
213
171
214
172
215
173
216
174
217
175
218
219
177
220
178
221
179
222
180
223
181
224
182
225
183
226
184
227
185
228
186
229
187
230
188
231
189
232
190
233
191
234
192
235
193
236
194
237
195
238
196
239
197
240
198
241
199
242
200
243
201
244
202
245
203
246
204
247
205
248
206
249
207
250
208
251
209
252
210
253
211
254
212
255
213
256
214
257
215
258
216
259
217
260
218
261
219
262
263
221
264
222
265
223
266
224
267
225
268
226
269
227
270
228
271
229
272
230
273
231
274
232
275
233
276
234
277
235
278
236
279
237
280
238
281
239
282
240
283
241
284
242
285
243
286
244
287
245
288
246
289
247
290
248
291
249
292
250
293
251
294
252
295
253
296
254
297
255
298
256
299
257
300
258
301
259
302
260
303
261
304
262
305
263
306
307
265
308
266
309
267
310
268
311
269
312
270
313
271
314
272
315
273
316
274
317
275
318
276
319
277
320
278
321
279
322
280
323
281
324
282
325
283
326
284
327
285
328
286
329
287
330
288
331
289
332
290
333
291
334
292
335
293
336
294
337
295
338
296
339
297
340
298
341
299
342
300
343
301
344
302
345
303
346
304
347
305
348
306
349
307
350
351
309
352
310
353
311
354
312
355
313
356
314
357
315
358
316
359
317
360
318
361
319
362
320
363
321
364
322
365
323
366
324
367
325
368
326
369
327
370
328
371
329
372
330
373
331
374
332
375
333
376
334
377
335
378
336
379
337
380
338
381
339
382
340
383
341
384
342
385
343
386
344
387
345
388
346
389
347
390
348
391
349
392
350
393
351
394
395
353
396
354
397
355
398
356
399
357
400
358
401
359
402
360
403
361
404
362
405
363
406
364
407
365
408
366
409
367
410
368
411
369
412
370
413
371
414
372
415
373
416
374
417
375
418
376
419
377
420
378
421
379
422
380
423
381
424
382
425
383
426
384
427
385
428
386
429
387
430
388
431
389
432
390
433
391
434
392
435
393
436
394
437
395
438
439
397
440
398
441
399
442
400
443
401
444
402
445
403
446
404
447
405
448
406
449
407
450
408
451
409
452
410
453
411
454
412
455
413
456
414
457
415
458
416
459
417
460
418
461
419
462
420
463
421
464
422
465
423
466
424
467
425
468
426
469
427
470
428
471
429
472
430
473
431
474
432
475
433
476
434
477
435
478
436
479
437
480
438
481
439
482
483
441
484
442
485
443
486
444
487
445
488
446
489
447
490
448
491
449
492
450
493
451
494
452
495
453
496
454
497
455
498
456
499
457
500
458
501
459
502
460
503
461
504
462
505
463
506
464
507
465
508
466
509
467
510
468
511
469
512
470
513
471
514
472
515
473
516
474
517
475
518
476
519
477
520
478
521
479
522
480
523
481
524
482
525
483
526
527
485
528
486
529
487
530
488
531
489
532
490
533
491
534
492
535
493
536
494
537
495
538
496
539
497
540
498
541
499
542
500
543
501
544
502
545
503
546
504
547
505
548
506
549
507
550
508
551
509
552
510
553
511
554
512
555
513
556
514
557
515
558
516
559
517
560
518
561
519
562
520
563
521
564
522
565
523
566
524
567
525
568
526
569
527
570
571
529
572
530
573
531
574
532
575
533
576
534
577
535
578
536
579
537
580
538
581
539
582
540
583
541
584
542
585
543
586
544
587
545
588
546
589
547
590
548
591
549
592
550
593
551
594
552
595
553
596
554
597
555
598
556
599
557
600
558
601
559
602
560
603
561
604
562
605
563
606
564
607
565
608
566
609
567
610
568
611
569
612
570
613
571
614
615
573
616
574
617
575
618
576
619
577
620
578
621
579
622
580
623
581
624
582
625
583
626
584
627
585
628
586
629
587
630
588
631
589
632
590
633
591
634
592
635
593
636
594
637
595
638
596
639
597
640
598
641
599
642
600
643
601
644
602
645
603
646
604
647
605
648
606
649
607
650
608
651
609
652
610
653
611
654
612
655
613
656
614
657
615
658
659
617
660
618
661
619
662
620
663
621
664
622
665
623
666
624
667
625
668
626
669
627
670
628
671
629
672
630
673
631
674
632
675
633
676
634
677
635
678
636
679
637
680
638
681
639
682
640
683
641
684
642
685
643
686
644
687
645
688
646
689
647
690
648
691
649
692
650
693
651
694
652
695
653
696
654
697
655
698
656
699
657
700
658
701
659
702
703
661
704
662
705
663
706
664
707
665
708
666
709
667
710
668
711
669
712
670
713
671
714
672
715
673
716
674
717
675
718
676
719
677
720
678
721
679
722
680
723
681
724
682
725
683
726
684
727
685
728
686
729
687
730
688
731
689
732
690
733
691
734
692
735
693
736
694
737
695
738
696
739
697
740
698
741
699
742
700
743
701
744
702
745
703
746
747
705
748
706
749
707
750
708
751
709
752
710
753
711
754
712
755
713
756
714
757
715
758
716
759
717
760
718
761
719
762
720
763
721
764
722
765
723
766
724
767
725
768
726
769
727
770
728
771
729
772
730
773
731
774
732
775
733
776
734
777
735
778
736
779
737
780
738
781
739
782
740
783
741
784
742
785
743
786
744
787
745
788
746
789
747
790
791
749
792
750
793
751
794
752
795
753
796
754
797
755
798
756
799
757
800
758
801
759
802
760
803
761
804
762
805
763
806
764
807
765
808
766
809
767
810
768
811
769
812
770
813
771
814
772
815
773
816
774
817
775
818
776
819
777
820
778
821
779
822
780
823
781
824
782
825
783
826
784
827
785
828
786
829
787
830
788
831
789
832
790
833
791
834
835
793
836
794
837
795
838
796
839
797
840
798
841
799
842
800
843
801
844
802
845
803
846
804
847
805
848
806
849
807
850
808
851
809
852
810
853
811
854
812
855
813
856
814
857
815
858
816
859
817
860
818
861
819
862
820
863
821
864
822
865
823
866
824
867
825
868
826
869
827
870
828
871
829
872
830
873
831
874
832
875
833
876
834
877
835
878
879
837
880
838
881
839
882
840
883
841
884
842
885
843
886
844
887
845
888
846
889
847
890
848
891
849
892
850
893
851
894
852
895
853
896
854
897
855
898
856
899
857
900
858
901
859
902
860
903
861
904
862
905
863
906
864
907
865
908
866
909
867
910
868
911
869
912
870
913
871
914
872
915
873
916
874
917
875
918
876
919
877
920
878
921
879
922
923
881
924
882
925
883
926
884
927
885
928
886
929
887
930
888
931
889
932
890
933
891
934
892
935
893
936
894
937
895
938
896
939
897
940
898
941
899
942
900
943
901
944
902
945
903
946
904
947
905
948
906
949
907
950
908
951
909
952
910
953
911
954
912
955
913
956
914
957
915
958
916
959
917
960
918
961
919
962
920
963
921
964
922
965
923
966
967
925
968
926
969
927
970
928
971
929
972
930
973
931
974
932
975
933
976
934
977
935
978
936
979
937
980
938
981
939
982
940
983
941
984
942
985
943
986
944
987
945
988
946
989
947
990
948
991
949
992
950
993
951
994
952
995
953
996
954
997
955
998
956
999
957
1000
958
1001
959
1002
960
1003
961
1004
962
1005
963
1006
964
1007
965
1008
966
1009
967
1010
1011
969
1012
970
1013
971
1014
972
1015
973
1016
974
1017
975
1018
976
1019
977
1020
978
1021
979
1022
980
1023
981
1024
982
1025
983
1026
984
1027
985
1028
986
1029
987
1030
988
1031
989
1032
990
1033
991
1034
992
1035
993
1036
994
1037
995
1038
996
1039
997
1040
998
1041
999
1042
1000
1043
1001
1044
1002
1045
1003
1046
1004
1047
1005
1048
1006
1049
1007
1050
1008
1051
1009
1052
1010
1053
1011
1054
1055
1013
1056
1014
1057
1015
1058
1016
1059
1017
1060
1018
1061
1019
1062
1020
1063
1021
1064
1022
1065
1023
1066
1024
1067
1025
1068
1026
1069
1027
1070
1028
1071
1029
1072
1030
1073
1031
1074
1032
1075
1033
1076
1034
1077
1035
1078
1036
1079
1037
1080
1038
1081
1039
1082
1040
1083
1041
1084
1042
1085
1043
1086
1044
1087
1045
1088
1046
1089
1047
1090
1048
1091
1049
1092
1050
1093
1051
1094
1052
1095
1053
1096
1054
1097
1055
1098
1099
1057
1100
1058
1101
1059
1102
1060
1103
1061
1104
1062
1105
1063
1106
1064
1107
1065
1108
1066
1109
1067
1110
1068
1111
1069
1112
1070
1113
1071
1114
1072
1115
1073
1116
1074
1117
1075
1118
1076
1119
1077
1120
1078
1121
1079
1122
1080
1123
1081
1124
1082
1125
1083
1126
1084
1127
1085
1128
1086
1129
1087
1130
1088
1131
1089
1132
1090
1133
1091
1134
1092
1135
1093
1136
1094
1137
1095
1138
1096
1139
1097
1140
1098
1141
1099
1142
1143
1101
1144
1102
1145
1103
1146
1104
1147
1105
1148
1106
1149
1107
1150
1108
1151
1109
1152
1110
1153
1111
1154
1112
1155
1113
1156
1114
1157
1115
1158
1116
1159
1117
1160
1118
1161
1119
1162
1120
1163
1121
1164
1122
1165
1123
1166
1124
1167
1125
1168
1126
1169
1127
1170
1128
1171
1129
1172
1130
1173
1131
1174
1132
1175
1133
1176
1134
1177
1135
1178
1136
1179
1137
1180
1138
1181
1139
1182
1140
1183
1141
1184
1142
1185
1143
1186
1187
1145
1188
1146
1189
1147
1190
1148
1191
1149
1192
1150
1193
1151
1194
1152
1195
1153
1196
1154
1197
1155
1198
1156
1199
1157
1200
1158
1201
1159
1202
1160
1203
1161
1204
1162
1205
1163
1206
1164
1207
1165
1208
1166
1209
1167
1210
1168
1211
1169
1212
1170
1213
1171
1214
1172
1215
1173
1216
1174
1217
1175
1218
1176
1219
1177
1220
1178
1221
1179
1222
1180
1223
1181
1224
1182
1225
1183
1226
1184
1227
1185
1228
1186
1229
1187
1230
1231
1189
1232
1190
1233
1191
1234
1192
1235
1193
1236
1194
1237
1195
1238
1196
1239
1197
1240
1198
1241
1199
1242
1200
1243
1201
1244
1202
1245
1203
1246
1204
1247
1205
1248
1206
1249
1207
1250
1208
1251
1209
1252
1210
1253
1211
1254
1212
1255
1213
1256
1214
1257
1215
1258
1216
1259
1217
1260
1218
1261
1219
1262
1220
1263
1221
1264
1222
1265
1223
1266
1224
1267
1225
1268
1226
1269
1227
1270
1228
1271
1229
1272
1230
1273
1231
1274
1275
1233
1276
1234
1277
1235
1278
1236
1279
1237
1280
1238
1281
1239
1282
1240
1283
1241
1284
1242
1285
1243
1286
1244
1287
1245
1288
1246
1289
1247
1290
1248
1291
1249
1292
1250
1293
1251
1294
1252
1295
1253
1296
1254
1297
1255
1298
1256
1299
1257
1300
1258
1301
1259
1302
1260
1303
1261
1304
1262
1305
1263
1306
1264
1307
1265
1308
1266
1309
1267
1310
1268
1311
1269
1312
1270
1313
1271
1314
1272
1315
1273
1316
1274
1317
1275
1318
1319
1277
1320
1278
1321
1279
1322
1280
1323
1281
1324
1282
1325
1283
1326
1284
1327
1285
1328
1286
1329
1287
1330
1288
1331
1289
1332
1290
1333
1291
1334
1292
1335
1293
1336
1294
1337
1295
1338
1296
1339
1297
1340
1298
1341
1299
1342
1300
1343
1301
1344
1302
1345
1303
1346
1304
1347
1305
1348
1306
1349
1307
1350
1308
1351
1309
1352
1310
1353
1311
1354
1312
1355
1313
1356
1314
1357
1315
1358
1316
1359
1317
1360
1318
1361
1319
1362
1363
1321
1364
1322
1365
1323
1366
1324
1367
1325
1368
1326
1369
1327
1370
1328
1371
1329
1372
1330
1373
1331
1374
1332
1375
1333
1376
1334
1377
1335
1378
1336
1379
1337
1380
1338
1381
1339
1382
1340
1383
1341
1384
1342
1385
1343
1386
1344
1387
1345
1388
1346
1389
1347
1390
1348
1391
1349
1392
1350
1393
1351
1394
1352
1395
1353
1396
1354
1397
1355
1398
1356
1399
1357
1400
1358
1401
1359
1402
1360
1403
1361
1404
1362
1405
1363
1406
1407
1365
1408
1366
1409
1367
1410
1368
1411
1369
1412
1370
1413
1371
1414
1372
1415
1373
1416
1374
1417
1375
1418
1376
1419
1377
1420
1378
1421
1379
1422
1380
1423
1381
1424
1382
1425
1383
1426
1384
1427
1385
1428
1386
1429
1387
1430
1388
1431
1389
1432
1390
1433
1391
1434
1392
1435
1393
1436
1394
1437
1395
1438
1396
1439
1397
1440
1398
1441
1399
1442
1400
1443
1401
1444
1402
1445
1403
1446
1404
1447
1405
1448
1406
1449
1407
1450
1451
1409
1452
1410
1453
1411
1454
1412
1455
1413
1456
1414
1457
1415
1458
1416
1459
1417
1460
1418
1461
1419
1462
1420
1463
1421
1464
1422
1465
1423
1466
1424
1467
1425
1468
1426
1469
1427
1470
1428
1471
1429
1472
1430
1473
1431
1474
1432
1475
1433
1476
1434
1477
1435
1478
1436
1479
1437
1480
1438
1481
1439
1482
1440
1483
1441
1484
1442
1485
1443
1486
1444
1487
1445
1488
1446
1489
1447
1490
1448
1491
1449
1492
1450
1493
1451
1494
1495
1453
1496
1454
1497
1455
1498
1456
1499
1457
1500
1458
1501
1459
1502
1460
1503
1461
1504
1462
1505
1463
1506
1464
1507
1465
1508
1466
1509
1467
1510
1468
1511
1469
1512
1470
1513
1471
1514
1472
1515
1473
1516
1474
1517
1475
1518
1476
1519
1477
1520
1478
1521
1479
1522
1480
1523
1481
1524
1482
1525
1483
1526
1484
1527
1485
1528
1486
1529
1487
1530
1488
1531
1489
1532
1490
1533
1491
1534
1492
1535
1493
1536
1494
1537
1495
1538
1539
1497
1540
1498
1541
1499
1542
1500
1543
1501
1544
1502
1545
1503
1546
1504
1547
1505
1548
1506
1549
1507
1550
1508
1551
1509
1552
1510
1553
1511
1554
1512
1555
1513
1556
1514
1557
1515
1558
1516
1559
1517
1560
1518
1561
1519
1562
1520
1563
1521
1564
1522
1565
1523
1566
1524
1567
1525
1568
1526
1569
1527
1570
1528
1571
1529
1572
1530
1573
1531
1574
1532
1575
1533
1576
1534
1577
1535
1578
1536
1579
1537
1580
1538
1581
1539
1582
1583
1541
1584
1542
1585
1543
1586
1544
1587
1545
1588
1546
1589
1547
1590
1548
1591
1549
1592
1550
1593
1551
1594
1552
1595
1553
1596
1554
1597
1555
1598
1556
1599
1557
1600
1558
1601
1559
1602
1560
1603
1561
1604
1562
1605
1563
1606
1564
1607
1565
1608
1566
1609
1567
1610
1568
1611
1569
1612
1570
1613
1571
1614
1572
1615
1573
1616
1574
1617
1575
1618
1576
1619
1577
1620
1578
1621
1579
1622
1580
1623
1581
1624
1582
1625
1583
1626
1627
1585
1628
1586
1629
1587
1630
1588
1631
1589
1632
1590
1633
1591
1634
1592
1635
1593
1636
1594
1637
1595
1638
1596
1639
1597
1640
1598
1641
1599
1642
1600
1643
1601
1644
1602
1645
1603
1646
1604
1647
1605
1648
1606
1649
1607
1650
1608
1651
1609
1652
1610
1653
1611
1654
1612
1655
1613
1656
1614
1657
1615
1658
1616
1659
1617
1660
1618
1661
1619
1662
1620
1663
1621
1664
1622
1665
1623
1666
1624
1667
1625
1668
1626
1669
1627
1670
1671
1629
1672
1630
1673
1631
1674
1632
1675
1633
1676
1634
1677
1635
1678
1636
1679
1637
1680
1638
1681
1639
1682
1640
1683
1641
1684
1642
1685
1643
1686
1644
1687
1645
1688
1646
1689
1647
1690
1648
1691
1649
1692
1650
1693
1651
1694
1652
1695
1653
1696
1654
1697
1655
1698
1656
1699
1657
1700
1658
1701
1659
1702
1660
1703
1661
1704
1662
1705
1663
1706
1664
1707
1665
1708
1666
1709
1667
1710
1668
1711
1669
1712
1670
1713
1671
1714
1715
1673
1716
1674
1717
1675
1718
1676
1719
1677
1720
1678
1721
1679
1722
1680
1723
1681
1724
1682
1725
1683
1726
1684
1727
1685
1728
1686
1729
1687
1730
1688
1731
1689
1732
1690
1733
1691
1734
1692
1735
1693
1736
1694
1737
1695
1738
1696
1739
1697
1740
1698
1741
1699
1742
1700
1743
1701
1744
1702
1745
1703
1746
1704
1747
1705
1748
1706
1749
1707
1750
1708
1751
1709
1752
1710
1753
1711
1754
1712
1755
1713
1756
1714
1757
1715
1758
1759
1717
1760
1718
1761
1719
1762
1720
1763
1721
1764
1722
1765
1723
1766
1724
1767
1725
1768
1726
1769
1727
1770
1728
1771
1729
1772
1730
1773
1731
1774
1732
1775
1733
1776
1734
1777
1735
1778
1736
1779
1737
1780
1738
1781
1739
1782
1740
1783
1741
1784
1742
1785
1743
1786
1744
1787
1745
1788
1746
1789
1747
1790
1748
1791
1749
1792
1750
1793
1751
1794
1752
1795
1753
1796
1754
1797
1755
1798
1756
1799
1757
1800
1758
1801
1759
1802
1803
1761
1804
1762
1805
1763
1806
1764
1807
1765
1808
1766
1809
1767
1810
1768
1811
1769
1812
1770
1813
1771
1814
1772
1815
1773
1816
1774
1817
1775
1818
1776
1819
1777
1820
1778
1821
1779
1822
1780
1823
1781
1824
1782
1825
1783
1826
1784
1827
1785
1828
1786
1829
1787
1830
1788
1831
1789
1832
1790
1833
1791
1834
1792
1835
1793
1836
1794
1837
1795
1838
1796
1839
1797
1840
1798
1841
1799
1842
1800
1843
1801
1844
1802
1845
1803
1846
1847
1805
1848
1806
1849
1807
1850
1808
1851
1809
1852
1810
1853
1811
1854
1812
1855
1813
1856
1814
1857
1815
1858
1816
1859
1817
1860
1818
1861
1819
1862
1820
1863
1821
1864
1822
1865
1823
1866
1824
1867
1825
1868
1826
1869
1827
1870
1828
1871
1829
1872
1830
1873
1831
1874
1832
1875
1833
1876
1834
1877
1835
1878
1836
1879
1837
1880
1838
1881
1839
1882
1840
1883
1841
1884
1842
1885
1843
1886
1844
1887
1845
1888
1846
1889
1847
1890
1891
1849
1892
1850
1893
1851
1894
1852
1895
1853
1896
1854
1897
1855
1898
1856
1899
1857
1900
1858
1901
1859
1902
1860
1903
1861
1904
1862
1905
1863
1906
1864
1907
1865
1908
1866
1909
1867
1910
1868
1911
1869
1912
1870
1913
1871
1914
1872
1915
1873
1916
1874
1917
1875
1918
1876
1919
1877
1920
1878
1921
1879
1922
1880
1923
1881
1924
1882
1925
1883
1926
1884
1927
1885
1928
1886
1929
1887
1930
1888
1931
1889
1932
1890
1933
1891
1934
1935
1893
5808
1894
5809
1895
5810
1896
5811
1897
5812
1898
5813
1899
5814
1900
5815
1901
5816
1902
5817
1903
5818
1904
5819
1905
5820
1906
5821
1907
5822
1908
5823
1909
5824
1910
5825
1911
5826
1912
5827
1913
5828
1914
5829
1915
5830
1916
5831
1917
5832
1918
5833
1919
5834
1920
5835
1921
5836
1922
5837
1923
5838
1924
5839
1925
5840
1926
5841
1927
5842
1928
5843
1929
5844
1930
5845
1931
5846
1932
5847
1933
5848
1934
5849
1935
5850
5851
1937
1980
5764
1938
1981
5765
1939
1982
5766
1940
1983
5767
1941
1984
5768
1942
1985
5769
1943
1986
5770
1944
1987
5771
1945
1988
5772
1946
1989
5773
1947
1990
5774
1948
1991
5775
1949
1992
5776
1950
1993
5777
1951
1994
5778
1952
1995
5779
1953
1996
5780
1954
1997
5781
1955
1998
5782
1956
1999
5783
1957
2000
5784
1958
2001
5785
1959
2002
5786
1960
2003
5787
1961
2004
5788
1962
2005
5789
1963
2006
5790
1964
2007
5791
1965
2008
5792
1966
2009
5793
1967
2010
5794
1968
2011
5795
1969
2012
5796
1970
2013
5797
1971
2014
5798
1972
2015
5799
1973
2016
5800
1974
2017
5801
1975
2018
5802
1976
2019
5803
1977
2020
5804
1978
2021
5805
1979
2022
5806
2023
5807
7744
1981
2024
1982
2025
1983
2026
1984
2027
1985
2028
1986
2029
1987
2030
1988
2031
1989
2032
1990
2033
1991
2034
1992
2035
1993
2036
1994
2037
1995
2038
1996
2039
1997
2040
1998
2041
1999
2042
2000
2043
2001
2044
2002
2045
2003
2046
2004
2047
2005
2048
2006
2049
2007
2050
2008
2051
2009
2052
2010
2053
2011
2054
2012
2055
2013
2056
2014
2057
2015
2058
2016
2059
2017
2060
2018
2061
2019
2062
2020
2063
2021
2064
2022
2065
2023
2066
2067
7788
2025
2068
2026
2069
2027
2070
2028
2071
2029
2072
2030
2073
2031
2074
2032
2075
2033
2076
2034
2077
2035
2078
2036
2079
2037
2080
2038
2081
2039
2082
2040
2083
2041
2084
2042
2085
2043
2086
2044
2087
2045
2088
2046
2089
2047
2090
2048
2091
2049
2092
2050
2093
2051
2094
2052
2095
2053
2096
2054
2097
2055
2098
2056
2099
2057
2100
2058
2101
2059
2102
2060
2103
2061
2104
2062
2105
2063
2106
2064
2107
2065
2108
2066
2109
2067
2110
2111
7832
2069
2112
2070
2113
2071
2114
2072
2115
2073
2116
2074
2117
2075
2118
2076
2119
2077
2120
2078
2121
2079
2122
2080
2123
2081
2124
2082
2125
2083
2126
2084
2127
2085
2128
2086
2129
2087
2130
2088
2131
2089
2132
2090
2133
2091
2134
2092
2135
2093
2136
2094
2137
2095
2138
2096
2139
2097
2140
2098
2141
2099
2142
2100
2143
2101
2144
2102
2145
2103
2146
2104
2147
2105
2148
2106
2149
2107
2150
2108
2151
2109
2152
2110
2153
2111
2154
2155
7876
2113
2156
2114
2157
2115
2158
2116
2159
2117
2160
2118
2161
2119
2162
2120
2163
2121
2164
2122
2165
2123
2166
2124
2167
2125
2168
2126
2169
2127
2170
2128
2171
2129
2172
2130
2173
2131
2174
2132
2175
2133
2176
2134
2177
2135
2178
2136
2179
2137
2180
2138
2181
2139
2182
2140
2183
2141
2184
2142
2185
2143
2186
2144
2187
2145
2188
2146
2189
2147
2190
2148
2191
2149
2192
2150
2193
2151
2194
2152
2195
2153
2196
2154
2197
2155
2198
2199
7920
2157
2200
2158
2201
2159
2202
2160
2203
2161
2204
2162
2205
2163
2206
2164
2207
2165
2208
2166
2209
2167
2210
2168
2211
2169
2212
2170
2213
2171
2214
2172
2215
2173
2216
2174
2217
2175
2218
2176
2219
2177
2220
2178
2221
2179
2222
2180
2223
2181
2224
2182
2225
2183
2226
2184
2227
2185
2228
2186
2229
2187
2230
2188
2231
2189
2232
2190
2233
2191
2234
2192
2235
2193
2236
2194
2237
2195
2238
2196
2239
2197
2240
2198
2241
2199
2242
2243
7964
2201
2244
2202
2245
2203
2246
2204
2247
2205
2248
2206
2249
2207
2250
2208
2251
2209
2252
2210
2253
2211
2254
2212
2255
2213
2256
2214
2257
2215
2258
2216
2259
2217
2260
2218
2261
2219
2262
2220
2263
2221
2264
2222
2265
2223
2266
2224
2267
2225
2268
2226
2269
2227
2270
2228
2271
2229
2272
2230
2273
2231
2274
2232
2275
2233
2276
2234
2277
2235
2278
2236
2279
2237
2280
2238
2281
2239
2282
2240
2283
2241
2284
2242
2285
2243
2286
2287
8008
2245
2288
2246
2289
2247
2290
2248
2291
2249
2292
2250
2293
2251
2294
2252
2295
2253
2296
2254
2297
2255
2298
2256
2299
2257
2300
2258
2301
2259
2302
2260
2303
2261
2304
2262
2305
2263
2306
2264
2307
2265
2308
2266
2309
2267
2310
2268
2311
2269
2312
2270
2313
2271
2314
2272
2315
2273
2316
2274
2317
2275
2318
2276
2319
2277
2320
2278
2321
2279
2322
2280
2323
2281
2324
2282
2325
2283
2326
2284
2327
2285
2328
2286
2329
2287
2330
2331
8052
2289
2332
2290
2333
2291
2334
2292
2335
2293
2336
2294
2337
2295
2338
2296
2339
2297
2340
2298
2341
2299
2342
2300
2343
2301
2344
2302
2345
2303
2346
2304
2347
2305
2348
2306
2349
2307
2350
2308
2351
2309
2352
2310
2353
2311
2354
2312
2355
2313
2356
2314
2357
2315
2358
2316
2359
2317
2360
2318
2361
2319
2362
2320
2363
2321
2364
2322
2365
2323
2366
2324
2367
2325
2368
2326
2369
2327
2370
2328
2371
2329
2372
2330
2373
2331
2374
2375
8096
2333
2376
2334
2377
2335
2378
2336
2379
2337
2380
2338
2381
2339
2382
2340
2383
2341
2384
2342
2385
2343
2386
2344
2387
2345
2388
2346
2389
2347
2390
2348
2391
2349
2392
2350
2393
2351
2394
2352
2395
2353
2396
2354
2397
2355
2398
2356
2399
2357
2400
2358
2401
2359
2402
2360
2403
2361
2404
2362
2405
2363
2406
2364
2407
2365
2408
2366
2409
2367
2410
2368
2411
2369
2412
2370
2413
2371
2414
2372
2415
2373
2416
2374
2417
2375
2418
2419
8140
2377
2420
2378
2421
2379
2422
2380
2423
2381
2424
2382
2425
2383
2426
2384
2427
2385
2428
2386
2429
2387
2430
2388
2431
2389
2432
2390
2433
2391
2434
2392
2435
2393
2436
2394
2437
2395
2438
2396
2439
2397
2440
2398
2441
2399
2442
2400
2443
2401
2444
2402
2445
2403
2446
2404
2447
2405
2448
2406
2449
2407
2450
2408
2451
2409
2452
2410
2453
2411
2454
2412
2455
2413
2456
2414
2457
2415
2458
2416
2459
2417
2460
2418
2461
2419
2462
2463
8184
2421
2464
2422
2465
2423
2466
2424
2467
2425
2468
2426
2469
2427
2470
2428
2471
2429
2472
2430
2473
2431
2474
2432
2475
2433
2476
2434
2477
2435
2478
2436
2479
2437
2480
2438
2481
2439
2482
2440
2483
2441
2484
2442
2485
2443
2486
2444
2487
2445
2488
2446
2489
2447
2490
2448
2491
2449
2492
2450
2493
2451
2494
2452
2495
2453
2496
2454
2497
2455
2498
2456
2499
2457
2500
2458
2501
2459
2502
2460
2503
2461
2504
2462
2505
2463
2506
2507
8228
2465
2508
2466
2509
2467
2510
2468
2511
2469
2512
2470
2513
2471
2514
2472
2515
2473
2516
2474
2517
2475
2518
2476
2519
2477
2520
2478
2521
2479
2522
2480
2523
2481
2524
2482
2525
2483
2526
2484
2527
2485
2528
2486
2529
2487
2530
2488
2531
2489
2532
2490
2533
2491
2534
2492
2535
2493
2536
2494
2537
2495
2538
2496
2539
2497
2540
2498
2541
2499
2542
2500
2543
2501
2544
2502
2545
2503
2546
2504
2547
2505
2548
2506
2549
2507
2550
2551
8272
2509
2552
2510
2553
2511
2554
2512
2555
2513
2556
2514
2557
2515
2558
2516
2559
2517
2560
2518
2561
2519
2562
2520
2563
2521
2564
2522
2565
2523
2566
2524
2567
2525
2568
2526
2569
2527
2570
2528
2571
2529
2572
2530
2573
2531
2574
2532
2575
2533
2576
2534
2577
2535
2578
2536
2579
2537
2580
2538
2581
2539
2582
2540
2583
2541
2584
2542
2585
2543
2586
2544
2587
2545
2588
2546
2589
2547
2590
2548
2591
2549
2592
2550
2593
2551
2594
2595
8316
2553
2596
2554
2597
2555
2598
2556
2599
2557
2600
2558
2601
2559
2602
2560
2603
2561
2604
2562
2605
2563
2606
2564
2607
2565
2608
2566
2609
2567
2610
2568
2611
2569
2612
2570
2613
2571
2614
2572
2615
2573
2616
2574
2617
2575
2618
2576
2619
2577
2620
2578
2621
2579
2622
2580
2623
2581
2624
2582
2625
2583
2626
2584
2627
2585
2628
2586
2629
2587
2630
2588
2631
2589
2632
2590
2633
2591
2634
2592
2635
2593
2636
2594
2637
2595
2638
2639
8360
2597
2640
2598
2641
2599
2642
2600
2643
2601
2644
2602
2645
2603
2646
2604
2647
2605
2648
2606
2649
2607
2650
2608
2651
2609
2652
2610
2653
2611
2654
2612
2655
2613
2656
2614
2657
2615
2658
2616
2659
2617
2660
2618
2661
2619
2662
2620
2663
2621
2664
2622
2665
2623
2666
2624
2667
2625
2668
2626
2669
2627
2670
2628
2671
2629
2672
2630
2673
2631
2674
2632
2675
2633
2676
2634
2677
2635
2678
2636
2679
2637
2680
2638
2681
2639
2682
2683
8404
2641
2684
2642
2685
2643
2686
2644
2687
2645
2688
2646
2689
2647
2690
2648
2691
2649
2692
2650
2693
2651
2694
2652
2695
2653
2696
2654
2697
2655
2698
2656
2699
2657
2700
2658
2701
2659
2702
2660
2703
2661
2704
2662
2705
2663
2706
2664
2707
2665
2708
2666
2709
2667
2710
2668
2711
2669
2712
2670
2713
2671
2714
2672
2715
2673
2716
2674
2717
2675
2718
2676
2719
2677
2720
2678
2721
2679
2722
2680
2723
2681
2724
2682
2725
2683
2726
2727
8448
2685
2728
2686
2729
2687
2730
2688
2731
2689
2732
2690
2733
2691
2734
2692
2735
2693
2736
2694
2737
2695
2738
2696
2739
2697
2740
2698
2741
2699
2742
2700
2743
2701
2744
2702
2745
2703
2746
2704
2747
2705
2748
2706
2749
2707
2750
2708
2751
2709
2752
2710
2753
2711
2754
2712
2755
2713
2756
2714
2757
2715
2758
2716
2759
2717
2760
2718
2761
2719
2762
2720
2763
2721
2764
2722
2765
2723
2766
2724
2767
2725
2768
2726
2769
2727
2770
2771
8492
2729
2772
2730
2773
2731
2774
2732
2775
2733
2776
2734
2777
2735
2778
2736
2779
2737
2780
2738
2781
2739
2782
2740
2783
2741
2784
2742
2785
2743
2786
2744
2787
2745
2788
2746
2789
2747
2790
2748
2791
2749
2792
2750
2793
2751
2794
2752
2795
2753
2796
2754
2797
2755
2798
2756
2799
2757
2800
2758
2801
2759
2802
2760
2803
2761
2804
2762
2805
2763
2806
2764
2807
2765
2808
2766
2809
2767
2810
2768
2811
2769
2812
2770
2813
2771
2814
2815
8536
2773
2816
2774
2817
2775
2818
2776
2819
2777
2820
2778
2821
2779
2822
2780
2823
2781
2824
2782
2825
2783
2826
2784
2827
2785
2828
2786
2829
2787
2830
2788
2831
2789
2832
2790
2833
2791
2834
2792
2835
2793
2836
2794
2837
2795
2838
2796
2839
2797
2840
2798
2841
2799
2842
2800
2843
2801
2844
2802
2845
2803
2846
2804
2847
2805
2848
2806
2849
2807
2850
2808
2851
2809
2852
2810
2853
2811
2854
2812
2855
2813
2856
2814
2857
2815
2858
2859
8580
2817
2860
2818
2861
2819
2862
2820
2863
2821
2864
2822
2865
2823
2866
2824
2867
2825
2868
2826
2869
2827
2870
2828
2871
2829
2872
2830
2873
2831
2874
2832
2875
2833
2876
2834
2877
2835
2878
2836
2879
2837
2880
2838
2881
2839
2882
2840
2883
2841
2884
2842
2885
2843
2886
2844
2887
2845
2888
2846
2889
2847
2890
2848
2891
2849
2892
2850
2893
2851
2894
2852
2895
2853
2896
2854
2897
2855
2898
2856
2899
2857
2900
2858
2901
2859
2902
2903
8624
2861
2904
2862
2905
2863
2906
2864
2907
2865
2908
2866
2909
2867
2910
2868
2911
2869
2912
2870
2913
2871
2914
2872
2915
2873
2916
2874
2917
2875
2918
2876
2919
2877
2920
2878
2921
2879
2922
2880
2923
2881
2924
2882
2925
2883
2926
2884
2927
2885
2928
2886
2929
2887
2930
2888
2931
2889
2932
2890
2933
2891
2934
2892
2935
2893
2936
2894
2937
2895
2938
2896
2939
2897
2940
2898
2941
2899
2942
2900
2943
2901
2944
2902
2945
2903
2946
2947
8668
2905
2948
2906
2949
2907
2950
2908
2951
2909
2952
2910
2953
2911
2954
2912
2955
2913
2956
2914
2957
2915
2958
2916
2959
2917
2960
2918
2961
2919
2962
2920
2963
2921
2964
2922
2965
2923
2966
2924
2967
2925
2968
2926
2969
2927
2970
2928
2971
2929
2972
2930
2973
2931
2974
2932
2975
2933
2976
2934
2977
2935
2978
2936
2979
2937
2980
2938
2981
2939
2982
2940
2983
2941
2984
2942
2985
2943
2986
2944
2987
2945
2988
2946
2989
2947
2990
2991
8712
2949
2992
2950
2993
2951
2994
2952
2995
2953
2996
2954
2997
2955
2998
2956
2999
2957
3000
2958
3001
2959
3002
2960
3003
2961
3004
2962
3005
2963
3006
2964
3007
2965
3008
2966
3009
2967
3010
2968
3011
2969
3012
2970
3013
2971
3014
2972
3015
2973
3016
2974
3017
2975
3018
2976
3019
2977
3020
2978
3021
2979
3022
2980
3023
2981
3024
2982
3025
2983
3026
2984
3027
2985
3028
2986
3029
2987
3030
2988
3031
2989
3032
2990
3033
2991
3034
3035
8756
2993
3036
2994
3037
2995
3038
2996
3039
2997
3040
2998
3041
2999
3042
3000
3043
3001
3044
3002
3045
3003
3046
3004
3047
3005
3048
3006
3049
3007
3050
3008
3051
3009
3052
3010
3053
3011
3054
3012
3055
3013
3056
3014
3057
3015
3058
3016
3059
3017
3060
3018
3061
3019
3062
3020
3063
3021
3064
3022
3065
3023
3066
3024
3067
3025
3068
3026
3069
3027
3070
3028
3071
3029
3072
3030
3073
3031
3074
3032
3075
3033
3076
3034
3077
3035
3078
3079
8800
3037
3080
3038
3081
3039
3082
3040
3083
3041
3084
3042
3085
3043
3086
3044
3087
3045
3088
3046
3089
3047
3090
3048
3091
3049
3092
3050
3093
3051
3094
3052
3095
3053
3096
3054
3097
3055
3098
3056
3099
3057
3100
3058
3101
3059
3102
3060
3103
3061
3104
3062
3105
3063
3106
3064
3107
3065
3108
3066
3109
3067
3110
3068
3111
3069
3112
3070
3113
3071
3114
3072
3115
3073
3116
3074
3117
3075
3118
3076
3119
3077
3120
3078
3121
3079
3122
3123
8844
3081
3124
3082
3125
3083
3126
3084
3127
3085
3128
3086
3129
3087
3130
3088
3131
3089
3132
3090
3133
3091
3134
3092
3135
3093
3136
3094
3137
3095
3138
3096
3139
3097
3140
3098
3141
3099
3142
3100
3143
3101
3144
3102
3145
3103
3146
3104
3147
3105
3148
3106
3149
3107
3150
3108
3151
3109
3152
3110
3153
3111
3154
3112
3155
3113
3156
3114
3157
3115
3158
3116
3159
3117
3160
3118
3161
3119
3162
3120
3163
3121
3164
3122
3165
3123
3166
3167
8888
3125
3168
3126
3169
3127
3170
3128
3171
3129
3172
3130
3173
3131
3174
3132
3175
3133
3176
3134
3177
3135
3178
3136
3179
3137
3180
3138
3181
3139
3182
3140
3183
3141
3184
3142
3185
3143
3186
3144
3187
3145
3188
3146
3189
3147
3190
3148
3191
3149
3192
3150
3193
3151
3194
3152
3195
3153
3196
3154
3197
3155
3198
3156
3199
3157
3200
3158
3201
3159
3202
3160
3203
3161
3204
3162
3205
3163
3206
3164
3207
3165
3208
3166
3209
3167
3210
3211
8932
3169
3212
3170
3213
3171
3214
3172
3215
3173
3216
3174
3217
3175
3218
3176
3219
3177
3220
3178
3221
3179
3222
3180
3223
3181
3224
3182
3225
3183
3226
3184
3227
3185
3228
3186
3229
3187
3230
3188
3231
3189
3232
3190
3233
3191
3234
3192
3235
3193
3236
3194
3237
3195
3238
3196
3239
3197
3240
3198
3241
3199
3242
3200
3243
3201
3244
3202
3245
3203
3246
3204
3247
3205
3248
3206
3249
3207
3250
3208
3251
3209
3252
3210
3253
3211
3254
3255
8976
3213
3256
3214
3257
3215
3258
3216
3259
3217
3260
3218
3261
3219
3262
3220
3263
3221
3264
3222
3265
3223
3266
3224
3267
3225
3268
3226
3269
3227
3270
3228
3271
3229
3272
3230
3273
3231
3274
3232
3275
3233
3276
3234
3277
3235
3278
3236
3279
3237
3280
3238
3281
3239
3282
3240
3283
3241
3284
3242
3285
3243
3286
3244
3287
3245
3288
3246
3289
3247
3290
3248
3291
3249
3292
3250
3293
3251
3294
3252
3295
3253
3296
3254
3297
3255
3298
3299
9020
3257
3300
3258
3301
3259
3302
3260
3303
3261
3304
3262
3305
3263
3306
3264
3307
3265
3308
3266
3309
3267
3310
3268
3311
3269
3312
3270
3313
3271
3314
3272
3315
3273
3316
3274
3317
3275
3318
3276
3319
3277
3320
3278
3321
3279
3322
3280
3323
3281
3324
3282
3325
3283
3326
3284
3327
3285
3328
3286
3329
3287
3330
3288
3331
3289
3332
3290
3333
3291
3334
3292
3335
3293
3336
3294
3337
3295
3338
3296
3339
3297
3340
3298
3341
3299
3342
3343
9064
3301
3344
3302
3345
3303
3346
3304
3347
3305
3348
3306
3349
3307
3350
3308
3351
3309
3352
3310
3353
3311
3354
3312
3355
3313
3356
3314
3357
3315
3358
3316
3359
3317
3360
3318
3361
3319
3362
3320
3363
3321
3364
3322
3365
3323
3366
3324
3367
3325
3368
3326
3369
3327
3370
3328
3371
3329
3372
3330
3373
3331
3374
3332
3375
3333
3376
3334
3377
3335
3378
3336
3379
3337
3380
3338
3381
3339
3382
3340
3383
3341
3384
3342
3385
3343
3386
3387
9108
3345
3388
3346
3389
3347
3390
3348
3391
3349
3392
3350
3393
3351
3394
3352
3395
3353
3396
3354
3397
3355
3398
3356
3399
3357
3400
3358
3401
3359
3402
3360
3403
3361
3404
3362
3405
3363
3406
3364
3407
3365
3408
3366
3409
3367
3410
3368
3411
3369
3412
3370
3413
3371
3414
3372
3415
3373
3416
3374
3417
3375
3418
3376
3419
3377
3420
3378
3421
3379
3422
3380
3423
3381
3424
3382
3425
3383
3426
3384
3427
3385
3428
3386
3429
3387
3430
3431
9152
3389
3432
3390
3433
3391
3434
3392
3435
3393
3436
3394
3437
3395
3438
3396
3439
3397
3440
3398
3441
3399
3442
3400
3443
3401
3444
3402
3445
3403
3446
3404
3447
3405
3448
3406
3449
3407
3450
3408
3451
3409
3452
3410
3453
3411
3454
3412
3455
3413
3456
3414
3457
3415
3458
3416
3459
3417
3460
3418
3461
3419
3462
3420
3463
3421
3464
3422
3465
3423
3466
3424
3467
3425
3468
3426
3469
3427
3470
3428
3471
3429
3472
3430
3473
3431
3474
3475
9196
3433
3476
3434
3477
3435
3478
3436
3479
3437
3480
3438
3481
3439
3482
3440
3483
3441
3484
3442
3485
3443
3486
3444
3487
3445
3488
3446
3489
3447
3490
3448
3491
3449
3492
3450
3493
3451
3494
3452
3495
3453
3496
3454
3497
3455
3498
3456
3499
3457
3500
3458
3501
3459
3502
3460
3503
3461
3504
3462
3505
3463
3506
3464
3507
3465
3508
3466
3509
3467
3510
3468
3511
3469
3512
3470
3513
3471
3514
3472
3515
3473
3516
3474
3517
3475
3518
3519
9240
3477
3520
3478
3521
3479
3522
3480
3523
3481
3524
3482
3525
3483
3526
3484
3527
3485
3528
3486
3529
3487
3530
3488
3531
3489
3532
3490
3533
3491
3534
3492
3535
3493
3536
3494
3537
3495
3538
3496
3539
3497
3540
3498
3541
3499
3542
3500
3543
3501
3544
3502
3545
3503
3546
3504
3547
3505
3548
3506
3549
3507
3550
3508
3551
3509
3552
3510
3553
3511
3554
3512
3555
3513
3556
3514
3557
3515
3558
3516
3559
3517
3560
3518
3561
3519
3562
3563
9284
3521
3564
3522
3565
3523
3566
3524
3567
3525
3568
3526
3569
3527
3570
3528
3571
3529
3572
3530
3573
3531
3574
3532
3575
3533
3576
3534
3577
3535
3578
3536
3579
3537
3580
3538
3581
3539
3582
3540
3583
3541
3584
3542
3585
3543
3586
3544
3587
3545
3588
3546
3589
3547
3590
3548
3591
3549
3592
3550
3593
3551
3594
3552
3595
3553
3596
3554
3597
3555
3598
3556
3599
3557
3600
3558
3601
3559
3602
3560
3603
3561
3604
3562
3605
3563
3606
3607
9328
3565
3608
3566
3609
3567
3610
3568
3611
3569
3612
3570
3613
3571
3614
3572
3615
3573
3616
3574
3617
3575
3618
3576
3619
3577
3620
3578
3621
3579
3622
3580
3623
3581
3624
3582
3625
3583
3626
3584
3627
3585
3628
3586
3629
3587
3630
3588
3631
3589
3632
3590
3633
3591
3634
3592
3635
3593
3636
3594
3637
3595
3638
3596
3639
3597
3640
3598
3641
3599
3642
3600
3643
3601
3644
3602
3645
3603
3646
3604
3647
3605
3648
3606
3649
3607
3650
3651
9372
3609
3652
3610
3653
3611
3654
3612
3655
3613
3656
3614
3657
3615
3658
3616
3659
3617
3660
3618
3661
3619
3662
3620
3663
3621
3664
3622
3665
3623
3666
3624
3667
3625
3668
3626
3669
3627
3670
3628
3671
3629
3672
3630
3673
3631
3674
3632
3675
3633
3676
3634
3677
3635
3678
3636
3679
3637
3680
3638
3681
3639
3682
3640
3683
3641
3684
3642
3685
3643
3686
3644
3687
3645
3688
3646
3689
3647
3690
3648
3691
3649
3692
3650
3693
3651
3694
3695
9416
3653
3696
3654
3697
3655
3698
3656
3699
3657
3700
3658
3701
3659
3702
3660
3703
3661
3704
3662
3705
3663
3706
3664
3707
3665
3708
3666
3709
3667
3710
3668
3711
3669
3712
3670
3713
3671
3714
3672
3715
3673
3716
3674
3717
3675
3718
3676
3719
3677
3720
3678
3721
3679
3722
3680
3723
3681
3724
3682
3725
3683
3726
3684
3727
3685
3728
3686
3729
3687
3730
3688
3731
3689
3732
3690
3733
3691
3734
3692
3735
3693
3736
3694
3737
3695
3738
3739
9460
3697
3740
3698
3741
3699
3742
3700
3743
3701
3744
3702
3745
3703
3746
3704
3747
3705
3748
3706
3749
3707
3750
3708
3751
3709
3752
3710
3753
3711
3754
3712
3755
3713
3756
3714
3757
3715
3758
3716
3759
3717
3760
3718
3761
3719
3762
3720
3763
3721
3764
3722
3765
3723
3766
3724
3767
3725
3768
3726
3769
3727
3770
3728
3771
3729
3772
3730
3773
3731
3774
3732
3775
3733
3776
3734
3777
3735
3778
3736
3779
3737
3780
3738
3781
3739
3782
3783
9504
3741
3784
3742
3785
3743
3786
3744
3787
3745
3788
3746
3789
3747
3790
3748
3791
3749
3792
3750
3793
3751
3794
3752
3795
3753
3796
3754
3797
3755
3798
3756
3799
3757
3800
3758
3801
3759
3802
3760
3803
3761
3804
3762
3805
3763
3806
3764
3807
3765
3808
3766
3809
3767
3810
3768
3811
3769
3812
3770
3813
3771
3814
3772
3815
3773
3816
3774
3817
3775
3818
3776
3819
3777
3820
3778
3821
3779
3822
3780
3823
3781
3824
3782
3825
3783
3826
3827
9548
3785
3828
3786
3829
3787
3830
3788
3831
3789
3832
3790
3833
3791
3834
3792
3835
3793
3836
3794
3837
3795
3838
3796
3839
3797
3840
3798
3841
3799
3842
3800
3843
3801
3844
3802
3845
3803
3846
3804
3847
3805
3848
3806
3849
3807
3850
3808
3851
3809
3852
3810
3853
3811
3854
3812
3855
3813
3856
3814
3857
3815
3858
3816
3859
3817
3860
3818
3861
3819
3862
3820
3863
3821
3864
3822
3865
3823
3866
3824
3867
3825
3868
3826
3869
3827
3870
3871
9592
3829
3830
3831
3832
3833
3834
3835
3836
3837
3838
3839
3840
3841
3842
3843
3844
3845
3846
3847
3848
3849
3850
3851
3852
3853
3854
3855
3856
3857
3858
3859
3860
3861
3862
3863
3864
3865
3866
3867
3868
3869
3870
3871
9636
3873
3916
7743
3874
3917
7742
3875
3918
7741
3876
3919
7740
3877
3920
7739
3878
3921
7738
3879
3922
7737
3880
3923
7736
3881
3924
7735
3882
3925
7734
3883
3926
7733
3884
3927
7732
3885
3928
7731
3886
3929
7730
3887
3930
7729
3888
3931
7728
3889
3932
7727
3890
3933
7726
3891
3934
7725
3892
3935
7724
3893
3936
7723
3894
3937
7722
3895
3938
7721
3896
3939
7720
3897
3940
7719
3898
3941
7718
3899
3942
7717
3900
3943
7716
3901
3944
7715
3902
3945
7714
3903
3946
7713
3904
3947
7712
3905
3948
7711
3906
3949
7710
3907
3950
7709
3908
3951
7708
3909
3952
7707
3910
3953
7706
3911
3954
7705
3912
3955
7704
3913
3956
7703
3914
3957
7702
3915
3958
7701
3959
7700
3917
3960
3918
3961
3919
3962
3920
3963
3921
3964
3922
3965
3923
3966
3924
3967
3925
3968
3926
3969
3927
3970
3928
3971
3929
3972
3930
3973
3931
3974
3932
3975
3933
3976
3934
3977
3935
3978
3936
3979
3937
3980
3938
3981
3939
3982
3940
3983
3941
3984
3942
3985
3943
3986
3944
3987
3945
3988
3946
3989
3947
3990
3948
3991
3949
3992
3950
3993
3951
3994
3952
3995
3953
3996
3954
3997
3955
3998
3956
3999
3957
4000
3958
4001
3959
4002
4003
3961
4004
3962
4005
3963
4006
3964
4007
3965
4008
3966
4009
3967
4010
3968
4011
3969
4012
3970
4013
3971
4014
3972
4015
3973
4016
3974
4017
3975
4018
3976
4019
3977
4020
3978
4021
3979
4022
3980
4023
3981
4024
3982
4025
3983
4026
3984
4027
3985
4028
3986
4029
3987
4030
3988
4031
3989
4032
3990
4033
3991
4034
3992
4035
3993
4036
3994
4037
3995
4038
3996
4039
3997
4040
3998
4041
3999
4042
4000
4043
4001
4044
4002
4045
4003
4046
4047
4005
4048
4006
4049
4007
4050
4008
4051
4009
4052
4010
4053
4011
4054
4012
4055
4013
4056
4014
4057
4015
4058
4016
4059
4017
4060
4018
4061
4019
4062
4020
4063
4021
4064
4022
4065
4023
4066
4024
4067
4025
4068
4026
4069
4027
4070
4028
4071
4029
4072
4030
4073
4031
4074
4032
4075
4033
4076
4034
4077
4035
4078
4036
4079
4037
4080
4038
4081
4039
4082
4040
4083
4041
4084
4042
4085
4043
4086
4044
4087
4045
4088
4046
4089
4047
4090
4091
4049
4092
4050
4093
4051
4094
4052
4095
4053
4096
4054
4097
4055
4098
4056
4099
4057
4100
4058
4101
4059
4102
4060
4103
4061
4104
4062
4105
4063
4106
4064
4107
4065
4108
4066
4109
4067
4110
4068
4111
4069
4112
4070
4113
4071
4114
4072
4115
4073
4116
4074
4117
4075
4118
4076
4119
4077
4120
4078
4121
4079
4122
4080
4123
4081
4124
4082
4125
4083
4126
4084
4127
4085
4128
4086
4129
4087
4130
4088
4131
4089
4132
4090
4133
4091
4134
4135
4093
4136
4094
4137
4095
4138
4096
4139
4097
4140
4098
4141
4099
4142
4100
4143
4101
4144
4102
4145
4103
4146
4104
4147
4105
4148
4106
4149
4107
4150
4108
4151
4109
4152
4110
4153
4111
4154
4112
4155
4113
4156
4114
4157
4115
4158
4116
4159
4117
4160
4118
4161
4119
4162
4120
4163
4121
4164
4122
4165
4123
4166
4124
4167
4125
4168
4126
4169
4127
4170
4128
4171
4129
4172
4130
4173
4131
4174
4132
4175
4133
4176
4134
4177
4135
4178
4179
4137
4180
4138
4181
4139
4182
4140
4183
4141
4184
4142
4185
4143
4186
4144
4187
4145
4188
4146
4189
4147
4190
4148
4191
4149
4192
4150
4193
4151
4194
4152
4195
4153
4196
4154
4197
4155
4198
4156
4199
4157
4200
4158
4201
4159
4202
4160
4203
4161
4204
4162
4205
4163
4206
4164
4207
4165
4208
4166
4209
4167
4210
4168
4211
4169
4212
4170
4213
4171
4214
4172
4215
4173
4216
4174
4217
4175
4218
4176
4219
4177
4220
4178
4221
4179
4222
4223
4181
4224
4182
4225
4183
4226
4184
4227
4185
4228
4186
4229
4187
4230
4188
4231
4189
4232
4190
4233
4191
4234
4192
4235
4193
4236
4194
4237
4195
4238
4196
4239
4197
4240
4198
4241
4199
4242
4200
4243
4201
4244
4202
4245
4203
4246
4204
4247
4205
4248
4206
4249
4207
4250
4208
4251
4209
4252
4210
4253
4211
4254
4212
4255
4213
4256
4214
4257
4215
4258
4216
4259
4217
4260
4218
4261
4219
4262
4220
4263
4221
4264
4222
4265
4223
4266
4267
4225
4268
4226
4269
4227
4270
4228
4271
4229
4272
4230
4273
4231
4274
4232
4275
4233
4276
4234
4277
4235
4278
4236
4279
4237
4280
4238
4281
4239
4282
4240
4283
4241
4284
4242
4285
4243
4286
4244
4287
4245
4288
4246
4289
4247
4290
4248
4291
4249
4292
4250
4293
4251
4294
4252
4295
4253
4296
4254
4297
4255
4298
4256
4299
4257
4300
4258
4301
4259
4302
4260
4303
4261
4304
4262
4305
4263
4306
4264
4307
4265
4308
4266
4309
4267
4310
4311
4269
4312
4270
4313
4271
4314
4272
4315
4273
4316
4274
4317
4275
4318
4276
4319
4277
4320
4278
4321
4279
4322
4280
4323
4281
4324
4282
4325
4283
4326
4284
4327
4285
4328
4286
4329
4287
4330
4288
4331
4289
4332
4290
4333
4291
4334
4292
4335
4293
4336
4294
4337
4295
4338
4296
4339
4297
4340
4298
4341
4299
4342
4300
4343
4301
4344
4302
4345
4303
4346
4304
4347
4305
4348
4306
4349
4307
4350
4308
4351
4309
4352
4310
4353
4311
4354
4355
4313
4356
4314
4357
4315
4358
4316
4359
4317
4360
4318
4361
4319
4362
4320
4363
4321
4364
4322
4365
4323
4366
4324
4367
4325
4368
4326
4369
4327
4370
4328
4371
4329
4372
4330
4373
4331
4374
4332
4375
4333
4376
4334
4377
4335
4378
4336
4379
4337
4380
4338
4381
4339
4382
4340
4383
4341
4384
4342
4385
4343
4386
4344
4387
4345
4388
4346
4389
4347
4390
4348
4391
4349
4392
4350
4393
4351
4394
4352
4395
4353
4396
4354
4397
4355
4398
4399
4357
4400
4358
4401
4359
4402
4360
4403
4361
4404
4362
4405
4363
4406
4364
4407
4365
4408
4366
4409
4367
4410
4368
4411
4369
4412
4370
4413
4371
4414
4372
4415
4373
4416
4374
4417
4375
4418
4376
4419
4377
4420
4378
4421
4379
4422
4380
4423
4381
4424
4382
4425
4383
4426
4384
4427
4385
4428
4386
4429
4387
4430
4388
4431
4389
4432
4390
4433
4391
4434
4392
4435
4393
4436
4394
4437
4395
4438
4396
4439
4397
4440
4398
4441
4399
4442
4443
4401
4444
4402
4445
4403
4446
4404
4447
4405
4448
4406
4449
4407
4450
4408
4451
4409
4452
4410
4453
4411
4454
4412
4455
4413
4456
4414
4457
4415
4458
4416
4459
4417
4460
4418
4461
4419
4462
4420
4463
4421
4464
4422
4465
4423
4466
4424
4467
4425
4468
4426
4469
4427
4470
4428
4471
4429
4472
4430
4473
4431
4474
4432
4475
4433
4476
4434
4477
4435
4478
4436
4479
4437
4480
4438
4481
4439
4482
4440
4483
4441
4484
4442
4485
4443
4486
4487
4445
4488
4446
4489
4447
4490
4448
4491
4449
4492
4450
4493
4451
4494
4452
4495
4453
4496
4454
4497
4455
4498
4456
4499
4457
4500
4458
4501
4459
4502
4460
4503
4461
4504
4462
4505
4463
4506
4464
4507
4465
4508
4466
4509
4467
4510
4468
4511
4469
4512
4470
4513
4471
4514
4472
4515
4473
4516
4474
4517
4475
4518
4476
4519
4477
4520
4478
4521
4479
4522
4480
4523
4481
4524
4482
4525
4483
4526
4484
4527
4485
4528
4486
4529
4487
4530
4531
4489
4532
4490
4533
4491
4534
4492
4535
4493
4536
4494
4537
4495
4538
4496
4539
4497
4540
4498
4541
4499
4542
4500
4543
4501
4544
4502
4545
4503
4546
4504
4547
4505
4548
4506
4549
4507
4550
4508
4551
4509
4552
4510
4553
4511
4554
4512
4555
4513
4556
4514
4557
4515
4558
4516
4559
4517
4560
4518
4561
4519
4562
4520
4563
4521
4564
4522
4565
4523
4566
4524
4567
4525
4568
4526
4569
4527
4570
4528
4571
4529
4572
4530
4573
4531
4574
4575
4533
4576
4534
4577
4535
4578
4536
4579
4537
4580
4538
4581
4539
4582
4540
4583
4541
4584
4542
4585
4543
4586
4544
4587
4545
4588
4546
4589
4547
4590
4548
4591
4549
4592
4550
4593
4551
4594
4552
4595
4553
4596
4554
4597
4555
4598
4556
4599
4557
4600
4558
4601
4559
4602
4560
4603
4561
4604
4562
4605
4563
4606
4564
4607
4565
4608
4566
4609
4567
4610
4568
4611
4569
4612
4570
4613
4571
4614
4572
4615
4573
4616
4574
4617
4575
4618
4619
4577
4620
4578
4621
4579
4622
4580
4623
4581
4624
4582
4625
4583
4626
4584
4627
4585
4628
4586
4629
4587
4630
4588
4631
4589
4632
4590
4633
4591
4634
4592
4635
4593
4636
4594
4637
4595
4638
4596
4639
4597
4640
4598
4641
4599
4642
4600
4643
4601
4644
4602
4645
4603
4646
4604
4647
4605
4648
4606
4649
4607
4650
4608
4651
4609
4652
4610
4653
4611
4654
4612
4655
4613
4656
4614
4657
4615
4658
4616
4659
4617
4660
4618
4661
4619
4662
4663
4621
4664
4622
4665
4623
4666
4624
4667
4625
4668
4626
4669
4627
4670
4628
4671
4629
4672
4630
4673
4631
4674
4632
4675
4633
4676
4634
4677
4635
4678
4636
4679
4637
4680
4638
4681
4639
4682
4640
4683
4641
4684
4642
4685
4643
4686
4644
4687
4645
4688
4646
4689
4647
4690
4648
4691
4649
4692
4650
4693
4651
4694
4652
4695
4653
4696
4654
4697
4655
4698
4656
4699
4657
4700
4658
4701
4659
4702
4660
4703
4661
4704
4662
4705
4663
4706
4707
4665
4708
4666
4709
4667
4710
4668
4711
4669
4712
4670
4713
4671
4714
4672
4715
4673
4716
4674
4717
4675
4718
4676
4719
4677
4720
4678
4721
4679
4722
4680
4723
4681
4724
4682
4725
4683
4726
4684
4727
4685
4728
4686
4729
4687
4730
4688
4731
4689
4732
4690
4733
4691
4734
4692
4735
4693
4736
4694
4737
4695
4738
4696
4739
4697
4740
4698
4741
4699
4742
4700
4743
4701
4744
4702
4745
4703
4746
4704
4747
4705
4748
4706
4749
4707
4750
4751
4709
4752
4710
4753
4711
4754
4712
4755
4713
4756
4714
4757
4715
4758
4716
4759
4717
4760
4718
4761
4719
4762
4720
4763
4721
4764
4722
4765
4723
4766
4724
4767
4725
4768
4726
4769
4727
4770
4728
4771
4729
4772
4730
4773
4731
4774
4732
4775
4733
4776
4734
4777
4735
4778
4736
4779
4737
4780
4738
4781
4739
4782
4740
4783
4741
4784
4742
4785
4743
4786
4744
4787
4745
4788
4746
4789
4747
4790
4748
4791
4749
4792
4750
4793
4751
4794
4795
4753
4796
4754
4797
4755
4798
4756
4799
4757
4800
4758
4801
4759
4802
4760
4803
4761
4804
4762
4805
4763
4806
4764
4807
4765
4808
4766
4809
4767
4810
4768
4811
4769
4812
4770
4813
4771
4814
4772
4815
4773
4816
4774
4817
4775
4818
4776
4819
4777
4820
4778
4821
4779
4822
4780
4823
4781
4824
4782
4825
4783
4826
4784
4827
4785
4828
4786
4829
4787
4830
4788
4831
4789
4832
4790
4833
4791
4834
4792
4835
4793
4836
4794
4837
4795
4838
4839
4797
4840
4798
4841
4799
4842
4800
4843
4801
4844
4802
4845
4803
4846
4804
4847
4805
4848
4806
4849
4807
4850
4808
4851
4809
4852
4810
4853
4811
4854
4812
4855
4813
4856
4814
4857
4815
4858
4816
4859
4817
4860
4818
4861
4819
4862
4820
4863
4821
4864
4822
4865
4823
4866
4824
4867
4825
4868
4826
4869
4827
4870
4828
4871
4829
4872
4830
4873
4831
4874
4832
4875
4833
4876
4834
4877
4835
4878
4836
4879
4837
4880
4838
4881
4839
4882
4883
4841
4884
4842
4885
4843
4886
4844
4887
4845
4888
4846
4889
4847
4890
4848
4891
4849
4892
4850
4893
4851
4894
4852
4895
4853
4896
4854
4897
4855
4898
4856
4899
4857
4900
4858
4901
4859
4902
4860
4903
4861
4904
4862
4905
4863
4906
4864
4907
4865
4908
4866
4909
4867
4910
4868
4911
4869
4912
4870
4913
4871
4914
4872
4915
4873
4916
4874
4917
4875
4918
4876
4919
4877
4920
4878
4921
4879
4922
4880
4923
4881
4924
4882
4925
4883
4926
4927
4885
4928
4886
4929
4887
4930
4888
4931
4889
4932
4890
4933
4891
4934
4892
4935
4893
4936
4894
4937
4895
4938
4896
4939
4897
4940
4898
4941
4899
4942
4900
4943
4901
4944
4902
4945
4903
4946
4904
4947
4905
4948
4906
4949
4907
4950
4908
4951
4909
4952
4910
4953
4911
4954
4912
4955
4913
4956
4914
4957
4915
4958
4916
4959
4917
4960
4918
4961
4919
4962
4920
4963
4921
4964
4922
4965
4923
4966
4924
4967
4925
4968
4926
4969
4927
4970
4971
4929
4972
4930
4973
4931
4974
4932
4975
4933
4976
4934
4977
4935
4978
4936
4979
4937
4980
4938
4981
4939
4982
4940
4983
4941
4984
4942
4985
4943
4986
4944
4987
4945
4988
4946
4989
4947
4990
4948
4991
4949
4992
4950
4993
4951
4994
4952
4995
4953
4996
4954
4997
4955
4998
4956
4999
4957
5000
4958
5001
4959
5002
4960
5003
4961
5004
4962
5005
4963
5006
4964
5007
4965
5008
4966
5009
4967
5010
4968
5011
4969
5012
4970
5013
4971
5014
5015
4973
5016
4974
5017
4975
5018
4976
5019
4977
5020
4978
5021
4979
5022
4980
5023
4981
5024
4982
5025
4983
5026
4984
5027
4985
5028
4986
5029
4987
5030
4988
5031
4989
5032
4990
5033
4991
5034
4992
5035
4993
5036
4994
5037
4995
5038
4996
5039
4997
5040
4998
5041
4999
5042
5000
5043
5001
5044
5002
5045
5003
5046
5004
5047
5005
5048
5006
5049
5007
5050
5008
5051
5009
5052
5010
5053
5011
5054
5012
5055
5013
5056
5014
5057
5015
5058
5059
5017
5060
5018
5061
5019
5062
5020
5063
5021
5064
5022
5065
5023
5066
5024
5067
5025
5068
5026
5069
5027
5070
5028
5071
5029
5072
5030
5073
5031
5074
5032
5075
5033
5076
5034
5077
5035
5078
5036
5079
5037
5080
5038
5081
5039
5082
5040
5083
5041
5084
5042
5085
5043
5086
5044
5087
5045
5088
5046
5089
5047
5090
5048
5091
5049
5092
5050
5093
5051
5094
5052
5095
5053
5096
5054
5097
5055
5098
5056
5099
5057
5100
5058
5101
5059
5102
5103
5061
5104
5062
5105
5063
5106
5064
5107
5065
5108
5066
5109
5067
5110
5068
5111
5069
5112
5070
5113
5071
5114
5072
5115
5073
5116
5074
5117
5075
5118
5076
5119
5077
5120
5078
5121
5079
5122
5080
5123
5081
5124
5082
5125
5083
5126
5084
5127
5085
5128
5086
5129
5087
5130
5088
5131
5089
5132
5090
5133
5091
5134
5092
5135
5093
5136
5094
5137
5095
5138
5096
5139
5097
5140
5098
5141
5099
5142
5100
5143
5101
5144
5102
5145
5103
5146
5147
5105
5148
5106
5149
5107
5150
5108
5151
5109
5152
5110
5153
5111
5154
5112
5155
5113
5156
5114
5157
5115
5158
5116
5159
5117
5160
5118
5161
5119
5162
5120
5163
5121
5164
5122
5165
5123
5166
5124
5167
5125
5168
5126
5169
5127
5170
5128
5171
5129
5172
5130
5173
5131
5174
5132
5175
5133
5176
5134
5177
5135
5178
5136
5179
5137
5180
5138
5181
5139
5182
5140
5183
5141
5184
5142
5185
5143
5186
5144
5187
5145
5188
5146
5189
5147
5190
5191
5149
5192
5150
5193
5151
5194
5152
5195
5153
5196
5154
5197
5155
5198
5156
5199
5157
5200
5158
5201
5159
5202
5160
5203
5161
5204
5162
5205
5163
5206
5164
5207
5165
5208
5166
5209
5167
5210
5168
5211
5169
5212
5170
5213
5171
5214
5172
5215
5173
5216
5174
5217
5175
5218
5176
5219
5177
5220
5178
5221
5179
5222
5180
5223
5181
5224
5182
5225
5183
5226
5184
5227
5185
5228
5186
5229
5187
5230
5188
5231
5189
5232
5190
5233
5191
5234
5235
5193
5236
5194
5237
5195
5238
5196
5239
5197
5240
5198
5241
5199
5242
5200
5243
5201
5244
5202
5245
5203
5246
5204
5247
5205
5248
5206
5249
5207
5250
5208
5251
5209
5252
5210
5253
5211
5254
5212
5255
5213
5256
5214
5257
5215
5258
5216
5259
5217
5260
5218
5261
5219
5262
5220
5263
5221
5264
5222
5265
5223
5266
5224
5267
5225
5268
5226
5269
5227
5270
5228
5271
5229
5272
5230
5273
5231
5274
5232
5275
5233
5276
5234
5277
5235
5278
5279
5237
5280
5238
5281
5239
5282
5240
5283
5241
5284
5242
5285
5243
5286
5244
5287
5245
5288
5246
5289
5247
5290
5248
5291
5249
5292
5250
5293
5251
5294
5252
5295
5253
5296
5254
5297
5255
5298
5256
5299
5257
5300
5258
5301
5259
5302
5260
5303
5261
5304
5262
5305
5263
5306
5264
5307
5265
5308
5266
5309
5267
5310
5268
5311
5269
5312
5270
5313
5271
5314
5272
5315
5273
5316
5274
5317
5275
5318
5276
5319
5277
5320
5278
5321
5279
5322
5323
5281
5324
5282
5325
5283
5326
5284
5327
5285
5328
5286
5329
5287
5330
5288
5331
5289
5332
5290
5333
5291
5334
5292
5335
5293
5336
5294
5337
5295
5338
5296
5339
5297
5340
5298
5341
5299
5342
5300
5343
5301
5344
5302
5345
5303
5346
5304
5347
5305
5348
5306
5349
5307
5350
5308
5351
5309
5352
5310
5353
5311
5354
5312
5355
5313
5356
5314
5357
5315
5358
5316
5359
5317
5360
5318
5361
5319
5362
5320
5363
5321
5364
5322
5365
5323
5366
5367
5325
5368
5326
5369
5327
5370
5328
5371
5329
5372
5330
5373
5331
5374
5332
5375
5333
5376
5334
5377
5335
5378
5336
5379
5337
5380
5338
5381
5339
5382
5340
5383
5341
5384
5342
5385
5343
5386
5344
5387
5345
5388
5346
5389
5347
5390
5348
5391
5349
5392
5350
5393
5351
5394
5352
5395
5353
5396
5354
5397
5355
5398
5356
5399
5357
5400
5358
5401
5359
5402
5360
5403
5361
5404
5362
5405
5363
5406
5364
5407
5365
5408
5366
5409
5367
5410
5411
5369
5412
5370
5413
5371
5414
5372
5415
5373
5416
5374
5417
5375
5418
5376
5419
5377
5420
5378
5421
5379
5422
5380
5423
5381
5424
5382
5425
5383
5426
5384
5427
5385
5428
5386
5429
5387
5430
5388
5431
5389
5432
5390
5433
5391
5434
5392
5435
5393
5436
5394
5437
5395
5438
5396
5439
5397
5440
5398
5441
5399
5442
5400
5443
5401
5444
5402
5445
5403
5446
5404
5447
5405
5448
5406
5449
5407
5450
5408
5451
5409
5452
5410
5453
5411
5454
5455
5413
5456
5414
5457
5415
5458
5416
5459
5417
5460
5418
5461
5419
5462
5420
5463
5421
5464
5422
5465
5423
5466
5424
5467
5425
5468
5426
5469
5427
5470
5428
5471
5429
5472
5430
5473
5431
5474
5432
5475
5433
5476
5434
5477
5435
5478
5436
5479
5437
5480
5438
5481
5439
5482
5440
5483
5441
5484
5442
5485
5443
5486
5444
5487
5445
5488
5446
5489
5447
5490
5448
5491
5449
5492
5450
5493
5451
5494
5452
5495
5453
5496
5454
5497
5455
5498
5499
5457
5500
5458
5501
5459
5502
5460
5503
5461
5504
5462
5505
5463
5506
5464
5507
5465
5508
5466
5509
5467
5510
5468
5511
5469
5512
5470
5513
5471
5514
5472
5515
5473
5516
5474
5517
5475
5518
5476
5519
5477
5520
5478
5521
5479
5522
5480
5523
5481
5524
5482
5525
5483
5526
5484
5527
5485
5528
5486
5529
5487
5530
5488
5531
5489
5532
5490
5533
5491
5534
5492
5535
5493
5536
5494
5537
5495
5538
5496
5539
5497
5540
5498
5541
5499
5542
5543
5501
5544
5502
5545
5503
5546
5504
5547
5505
5548
5506
5549
5507
5550
5508
5551
5509
5552
5510
5553
5511
5554
5512
5555
5513
5556
5514
5557
5515
5558
5516
5559
5517
5560
5518
5561
5519
5562
5520
5563
5521
5564
5522
5565
5523
5566
5524
5567
5525
5568
5526
5569
5527
5570
5528
5571
5529
5572
5530
5573
5531
5574
5532
5575
5533
5576
5534
5577
5535
5578
5536
5579
5537
5580
5538
5581
5539
5582
5540
5583
5541
5584
5542
5585
5543
5586
5587
5545
5588
5546
5589
5547
5590
5548
5591
5549
5592
5550
5593
5551
5594
5552
5595
5553
5596
5554
5597
5555
5598
5556
5599
5557
5600
5558
5601
5559
5602
5560
5603
5561
5604
5562
5605
5563
5606
5564
5607
5565
5608
5566
5609
5567
5610
5568
5611
5569
5612
5570
5613
5571
5614
5572
5615
5573
5616
5574
5617
5575
5618
5576
5619
5577
5620
5578
5621
5579
5622
5580
5623
5581
5624
5582
5625
5583
5626
5584
5627
5585
5628
5586
5629
5587
5630
5631
5589
5632
5590
5633
5591
5634
5592
5635
5593
5636
5594
5637
5595
5638
5596
5639
5597
5640
5598
5641
5599
5642
5600
5643
5601
5644
5602
5645
5603
5646
5604
5647
5605
5648
5606
5649
5607
5650
5608
5651
5609
5652
5610
5653
5611
5654
5612
5655
5613
5656
5614
5657
5615
5658
5616
5659
5617
5660
5618
5661
5619
5662
5620
5663
5621
5664
5622
5665
5623
5666
5624
5667
5625
5668
5626
5669
5627
5670
5628
5671
5629
5672
5630
5673
5631
5674
5675
5633
5676
5634
5677
5635
5678
5636
5679
5637
5680
5638
5681
5639
5682
5640
5683
5641
5684
5642
5685
5643
5686
5644
5687
5645
5688
5646
5689
5647
5690
5648
5691
5649
5692
5650
5693
5651
5694
5652
5695
5653
5696
5654
5697
5655
5698
5656
5699
5657
5700
5658
5701
5659
5702
5660
5703
5661
5704
5662
5705
5663
5706
5664
5707
5665
5708
5666
5709
5667
5710
5668
5711
5669
5712
5670
5713
5671
5714
5672
5715
5673
5716
5674
5717
5675
5718
5719
5677
5720
5678
5721
5679
5722
5680
5723
5681
5724
5682
5725
5683
5726
5684
5727
5685
5728
5686
5729
5687
5730
5688
5731
5689
5732
5690
5733
5691
5734
5692
5735
5693
5736
5694
5737
5695
5738
5696
5739
5697
5740
5698
5741
5699
5742
5700
5743
5701
5744
5702
5745
5703
5746
5704
5747
5705
5748
5706
5749
5707
5750
5708
5751
5709
5752
5710
5753
5711
5754
5712
5755
5713
5756
5714
5757
5715
5758
5716
5759
5717
5760
5718
5761
5719
5762
5763
5721
5764
5722
5765
5723
5766
5724
5767
5725
5768
5726
5769
5727
5770
5728
5771
5729
5772
5730
5773
5731
5774
5732
5775
5733
5776
5734
5777
5735
5778
5736
5779
5737
5780
5738
5781
5739
5782
5740
5783
5741
5784
5742
5785
5743
5786
5744
5787
5745
5788
5746
5789
5747
5790
5748
5791
5749
5792
5750
5793
5751
5794
5752
5795
5753
5796
5754
5797
5755
5798
5756
5799
5757
5800
5758
5801
5759
5802
5760
5803
5761
5804
5762
5805
5763
5806
5807
5765
5766
5767
5768
5769
5770
5771
5772
5773
5774
5775
5776
5777
5778
5779
5780
5781
5782
5783
5784
5785
5786
5787
5788
5789
5790
5791
5792
5793
5794
5795
5796
5797
5798
5799
5800
5801
5802
5803
5804
5805
5806
5807
5809
5852
5810
5853
5811
5854
5812
5855
5813
5856
5814
5857
5815
5858
5816
5859
5817
5860
5818
5861
5819
5862
5820
5863
5821
5864
5822
5865
5823
5866
5824
5867
5825
5868
5826
5869
5827
5870
5828
5871
5829
5872
5830
5873
5831
5874
5832
5875
5833
5876
5834
5877
5835
5878
5836
5879
5837
5880
5838
5881
5839
5882
5840
5883
5841
5884
5842
5885
5843
5886
5844
5887
5845
5888
5846
5889
5847
5890
5848
5891
5849
5892
5850
5893
5851
5894
5895
5853
5896
5854
5897
5855
5898
5856
5899
5857
5900
5858
5901
5859
5902
5860
5903
5861
5904
5862
5905
5863
5906
5864
5907
5865
5908
5866
5909
5867
5910
5868
5911
5869
5912
5870
5913
5871
5914
5872
5915
5873
5916
5874
5917
5875
5918
5876
5919
5877
5920
5878
5921
5879
5922
5880
5923
5881
5924
5882
5925
5883
5926
5884
5927
5885
5928
5886
5929
5887
5930
5888
5931
5889
5932
5890
5933
5891
5934
5892
5935
5893
5936
5894
5937
5895
5938
5939
5897
5940
5898
5941
5899
5942
5900
5943
5901
5944
5902
5945
5903
5946
5904
5947
5905
5948
5906
5949
5907
5950
5908
5951
5909
5952
5910
5953
5911
5954
5912
5955
5913
5956
5914
5957
5915
5958
5916
5959
5917
5960
5918
5961
5919
5962
5920
5963
5921
5964
5922
5965
5923
5966
5924
5967
5925
5968
5926
5969
5927
5970
5928
5971
5929
5972
5930
5973
5931
5974
5932
5975
5933
5976
5934
5977
5935
5978
5936
5979
5937
5980
5938
5981
5939
5982
5983
5941
5984
5942
5985
5943
5986
5944
5987
5945
5988
5946
5989
5947
5990
5948
5991
5949
5992
5950
5993
5951
5994
5952
5995
5953
5996
5954
5997
5955
5998
5956
5999
5957
6000
5958
6001
5959
6002
5960
6003
5961
6004
5962
6005
5963
6006
5964
6007
5965
6008
5966
6009
5967
6010
5968
6011
5969
6012
5970
6013
5971
6014
5972
6015
5973
6016
5974
6017
5975
6018
5976
6019
5977
6020
5978
6021
5979
6022
5980
6023
5981
6024
5982
6025
5983
6026
6027
5985
6028
5986
6029
5987
6030
5988
6031
5989
6032
5990
6033
5991
6034
5992
6035
5993
6036
5994
6037
5995
6038
5996
6039
5997
6040
5998
6041
5999
6042
6000
6043
6001
6044
6002
6045
6003
6046
6004
6047
6005
6048
6006
6049
6007
6050
6008
6051
6009
6052
6010
6053
6011
6054
6012
6055
6013
6056
6014
6057
6015
6058
6016
6059
6017
6060
6018
6061
6019
6062
6020
6063
6021
6064
6022
6065
6023
6066
6024
6067
6025
6068
6026
6069
6027
6070
6071
6029
6072
6030
6073
6031
6074
6032
6075
6033
6076
6034
6077
6035
6078
6036
6079
6037
6080
6038
6081
6039
6082
6040
6083
6041
6084
6042
6085
6043
6086
6044
6087
6045
6088
6046
6089
6047
6090
6048
6091
6049
6092
6050
6093
6051
6094
6052
6095
6053
6096
6054
6097
6055
6098
6056
6099
6057
6100
6058
6101
6059
6102
6060
6103
6061
6104
6062
6105
6063
6106
6064
6107
6065
6108
6066
6109
6067
6110
6068
6111
6069
6112
6070
6113
6071
6114
6115
6073
6116
6074
6117
6075
6118
6076
6119
6077
6120
6078
6121
6079
6122
6080
6123
6081
6124
6082
6125
6083
6126
6084
6127
6085
6128
6086
6129
6087
6130
6088
6131
6089
6132
6090
6133
6091
6134
6092
6135
6093
6136
6094
6137
6095
6138
6096
6139
6097
6140
6098
6141
6099
6142
6100
6143
6101
6144
6102
6145
6103
6146
6104
6147
6105
6148
6106
6149
6107
6150
6108
6151
6109
6152
6110
6153
6111
6154
6112
6155
6113
6156
6114
6157
6115
6158
6159
6117
6160
6118
6161
6119
6162
6120
6163
6121
6164
6122
6165
6123
6166
6124
6167
6125
6168
6126
6169
6127
6170
6128
6171
6129
6172
6130
6173
6131
6174
6132
6175
6133
6176
6134
6177
6135
6178
6136
6179
6137
6180
6138
6181
6139
6182
6140
6183
6141
6184
6142
6185
6143
6186
6144
6187
6145
6188
6146
6189
6147
6190
6148
6191
6149
6192
6150
6193
6151
6194
6152
6195
6153
6196
6154
6197
6155
6198
6156
6199
6157
6200
6158
6201
6159
6202
6203
6161
6204
6162
6205
6163
6206
6164
6207
6165
6208
6166
6209
6167
6210
6168
6211
6169
6212
6170
6213
6171
6214
6172
6215
6173
6216
6174
6217
6175
6218
6176
6219
6177
6220
6178
6221
6179
6222
6180
6223
6181
6224
6182
6225
6183
6226
6184
6227
6185
6228
6186
6229
6187
6230
6188
6231
6189
6232
6190
6233
6191
6234
6192
6235
6193
6236
6194
6237
6195
6238
6196
6239
6197
6240
6198
6241
6199
6242
6200
6243
6201
6244
6202
6245
6203
6246
6247
6205
6248
6206
6249
6207
6250
6208
6251
6209
6252
6210
6253
6211
6254
6212
6255
6213
6256
6214
6257
6215
6258
6216
6259
6217
6260
6218
6261
6219
6262
6220
6263
6221
6264
6222
6265
6223
6266
6224
6267
6225
6268
6226
6269
6227
6270
6228
6271
6229
6272
6230
6273
6231
6274
6232
6275
6233
6276
6234
6277
6235
6278
6236
6279
6237
6280
6238
6281
6239
6282
6240
6283
6241
6284
6242
6285
6243
6286
6244
6287
6245
6288
6246
6289
6247
6290
6291
6249
6292
6250
6293
6251
6294
6252
6295
6253
6296
6254
6297
6255
6298
6256
6299
6257
6300
6258
6301
6259
6302
6260
6303
6261
6304
6262
6305
6263
6306
6264
6307
6265
6308
6266
6309
6267
6310
6268
6311
6269
6312
6270
6313
6271
6314
6272
6315
6273
6316
6274
6317
6275
6318
6276
6319
6277
6320
6278
6321
6279
6322
6280
6323
6281
6324
6282
6325
6283
6326
6284
6327
6285
6328
6286
6329
6287
6330
6288
6331
6289
6332
6290
6333
6291
6334
6335
6293
6336
6294
6337
6295
6338
6296
6339
6297
6340
6298
6341
6299
6342
6300
6343
6301
6344
6302
6345
6303
6346
6304
6347
6305
6348
6306
6349
6307
6350
6308
6351
6309
6352
6310
6353
6311
6354
6312
6355
6313
6356
6314
6357
6315
6358
6316
6359
6317
6360
6318
6361
6319
6362
6320
6363
6321
6364
6322
6365
6323
6366
6324
6367
6325
6368
6326
6369
6327
6370
6328
6371
6329
6372
6330
6373
6331
6374
6332
6375
6333
6376
6334
6377
6335
6378
6379
6337
6380
6338
6381
6339
6382
6340
6383
6341
6384
6342
6385
6343
6386
6344
6387
6345
6388
6346
6389
6347
6390
6348
6391
6349
6392
6350
6393
6351
6394
6352
6395
6353
6396
6354
6397
6355
6398
6356
6399
6357
6400
6358
6401
6359
6402
6360
6403
6361
6404
6362
6405
6363
6406
6364
6407
6365
6408
6366
6409
6367
6410
6368
6411
6369
6412
6370
6413
6371
6414
6372
6415
6373
6416
6374
6417
6375
6418
6376
6419
6377
6420
6378
6421
6379
6422
6423
6381
6424
6382
6425
6383
6426
6384
6427
6385
6428
6386
6429
6387
6430
6388
6431
6389
6432
6390
6433
6391
6434
6392
6435
6393
6436
6394
6437
6395
6438
6396
6439
6397
6440
6398
6441
6399
6442
6400
6443
6401
6444
6402
6445
6403
6446
6404
6447
6405
6448
6406
6449
6407
6450
6408
6451
6409
6452
6410
6453
6411
6454
6412
6455
6413
6456
6414
6457
6415
6458
6416
6459
6417
6460
6418
6461
6419
6462
6420
6463
6421
6464
6422
6465
6423
6466
6467
6425
6468
6426
6469
6427
6470
6428
6471
6429
6472
6430
6473
6431
6474
6432
6475
6433
6476
6434
6477
6435
6478
6436
6479
6437
6480
6438
6481
6439
6482
6440
6483
6441
6484
6442
6485
6443
6486
6444
6487
6445
6488
6446
6489
6447
6490
6448
6491
6449
6492
6450
6493
6451
6494
6452
6495
6453
6496
6454
6497
6455
6498
6456
6499
6457
6500
6458
6501
6459
6502
6460
6503
6461
6504
6462
6505
6463
6506
6464
6507
6465
6508
6466
6509
6467
6510
6511
6469
6512
6470
6513
6471
6514
6472
6515
6473
6516
6474
6517
6475
6518
6476
6519
6477
6520
6478
6521
6479
6522
6480
6523
6481
6524
6482
6525
6483
6526
6484
6527
6485
6528
6486
6529
6487
6530
6488
6531
6489
6532
6490
6533
6491
6534
6492
6535
6493
6536
6494
6537
6495
6538
6496
6539
6497
6540
6498
6541
6499
6542
6500
6543
6501
6544
6502
6545
6503
6546
6504
6547
6505
6548
6506
6549
6507
6550
6508
6551
6509
6552
6510
6553
6511
6554
6555
6513
6556
6514
6557
6515
6558
6516
6559
6517
6560
6518
6561
6519
6562
6520
6563
6521
6564
6522
6565
6523
6566
6524
6567
6525
6568
6526
6569
6527
6570
6528
6571
6529
6572
6530
6573
6531
6574
6532
6575
6533
6576
6534
6577
6535
6578
6536
6579
6537
6580
6538
6581
6539
6582
6540
6583
6541
6584
6542
6585
6543
6586
6544
6587
6545
6588
6546
6589
6547
6590
6548
6591
6549
6592
6550
6593
6551
6594
6552
6595
6553
6596
6554
6597
6555
6598
6599
6557
6600
6558
6601
6559
6602
6560
6603
6561
6604
6562
6605
6563
6606
6564
6607
6565
6608
6566
6609
6567
6610
6568
6611
6569
6612
6570
6613
6571
6614
6572
6615
6573
6616
6574
6617
6575
6618
6576
6619
6577
6620
6578
6621
6579
6622
6580
6623
6581
6624
6582
6625
6583
6626
6584
6627
6585
6628
6586
6629
6587
6630
6588
6631
6589
6632
6590
6633
6591
6634
6592
6635
6593
6636
6594
6637
6595
6638
6596
6639
6597
6640
6598
6641
6599
6642
6643
6601
6644
6602
6645
6603
6646
6604
6647
6605
6648
6606
6649
6607
6650
6608
6651
6609
6652
6610
6653
6611
6654
6612
6655
6613
6656
6614
6657
6615
6658
6616
6659
6617
6660
6618
6661
6619
6662
6620
6663
6621
6664
6622
6665
6623
6666
6624
6667
6625
6668
6626
6669
6627
6670
6628
6671
6629
6672
6630
6673
6631
6674
6632
6675
6633
6676
6634
6677
6635
6678
6636
6679
6637
6680
6638
6681
6639
6682
6640
6683
6641
6684
6642
6685
6643
6686
6687
6645
6688
6646
6689
6647
6690
6648
6691
6649
6692
6650
6693
6651
6694
6652
6695
6653
6696
6654
6697
6655
6698
6656
6699
6657
6700
6658
6701
6659
6702
6660
6703
6661
6704
6662
6705
6663
6706
6664
6707
6665
6708
6666
6709
6667
6710
6668
6711
6669
6712
6670
6713
6671
6714
6672
6715
6673
6716
6674
6717
6675
6718
6676
6719
6677
6720
6678
6721
6679
6722
6680
6723
6681
6724
6682
6725
6683
6726
6684
6727
6685
6728
6686
6729
6687
6730
6731
6689
6732
6690
6733
6691
6734
6692
6735
6693
6736
6694
6737
6695
6738
6696
6739
6697
6740
6698
6741
6699
6742
6700
6743
6701
6744
6702
6745
6703
6746
6704
6747
6705
6748
6706
6749
6707
6750
6708
6751
6709
6752
6710
6753
6711
6754
6712
6755
6713
6756
6714
6757
6715
6758
6716
6759
6717
6760
6718
6761
6719
6762
6720
6763
6721
6764
6722
6765
6723
6766
6724
6767
6725
6768
6726
6769
6727
6770
6728
6771
6729
6772
6730
6773
6731
6774
6775
6733
6776
6734
6777
6735
6778
6736
6779
6737
6780
6738
6781
6739
6782
6740
6783
6741
6784
6742
6785
6743
6786
6744
6787
6745
6788
6746
6789
6747
6790
6748
6791
6749
6792
6750
6793
6751
6794
6752
6795
6753
6796
6754
6797
6755
6798
6756
6799
6757
6800
6758
6801
6759
6802
6760
6803
6761
6804
6762
6805
6763
6806
6764
6807
6765
6808
6766
6809
6767
6810
6768
6811
6769
6812
6770
6813
6771
6814
6772
6815
6773
6816
6774
6817
6775
6818
6819
6777
6820
6778
6821
6779
6822
6780
6823
6781
6824
6782
6825
6783
6826
6784
6827
6785
6828
6786
6829
6787
6830
6788
6831
6789
6832
6790
6833
6791
6834
6792
6835
6793
6836
6794
6837
6795
6838
6796
6839
6797
6840
6798
6841
6799
6842
6800
6843
6801
6844
6802
6845
6803
6846
6804
6847
6805
6848
6806
6849
6807
6850
6808
6851
6809
6852
6810
6853
6811
6854
6812
6855
6813
6856
6814
6857
6815
6858
6816
6859
6817
6860
6818
6861
6819
6862
6863
6821
6864
6822
6865
6823
6866
6824
6867
6825
6868
6826
6869
6827
6870
6828
6871
6829
6872
6830
6873
6831
6874
6832
6875
6833
6876
6834
6877
6835
6878
6836
6879
6837
6880
6838
6881
6839
6882
6840
6883
6841
6884
6842
6885
6843
6886
6844
6887
6845
6888
6846
6889
6847
6890
6848
6891
6849
6892
6850
6893
6851
6894
6852
6895
6853
6896
6854
6897
6855
6898
6856
6899
6857
6900
6858
6901
6859
6902
6860
6903
6861
6904
6862
6905
6863
6906
6907
6865
6908
6866
6909
6867
6910
6868
6911
6869
6912
6870
6913
6871
6914
6872
6915
6873
6916
6874
6917
6875
6918
6876
6919
6877
6920
6878
6921
6879
6922
6880
6923
6881
6924
6882
6925
6883
6926
6884
6927
6885
6928
6886
6929
6887
6930
6888
6931
6889
6932
6890
6933
6891
6934
6892
6935
6893
6936
6894
6937
6895
6938
6896
6939
6897
6940
6898
6941
6899
6942
6900
6943
6901
6944
6902
6945
6903
6946
6904
6947
6905
6948
6906
6949
6907
6950
6951
6909
6952
6910
6953
6911
6954
6912
6955
6913
6956
6914
6957
6915
6958
6916
6959
6917
6960
6918
6961
6919
6962
6920
6963
6921
6964
6922
6965
6923
6966
6924
6967
6925
6968
6926
6969
6927
6970
6928
6971
6929
6972
6930
6973
6931
6974
6932
6975
6933
6976
6934
6977
6935
6978
6936
6979
6937
6980
6938
6981
6939
6982
6940
6983
6941
6984
6942
6985
6943
6986
6944
6987
6945
6988
6946
6989
6947
6990
6948
6991
6949
6992
6950
6993
6951
6994
6995
6953
6996
6954
6997
6955
6998
6956
6999
6957
7000
6958
7001
6959
7002
6960
7003
6961
7004
6962
7005
6963
7006
6964
7007
6965
7008
6966
7009
6967
7010
6968
7011
6969
7012
6970
7013
6971
7014
6972
7015
6973
7016
6974
7017
6975
7018
6976
7019
6977
7020
6978
7021
6979
7022
6980
7023
6981
7024
6982
7025
6983
7026
6984
7027
6985
7028
6986
7029
6987
7030
6988
7031
6989
7032
6990
7033
6991
7034
6992
7035
6993
7036
6994
7037
6995
7038
7039
6997
7040
6998
7041
6999
7042
7000
7043
7001
7044
7002
7045
7003
7046
7004
7047
7005
7048
7006
7049
7007
7050
7008
7051
7009
7052
7010
7053
7011
7054
7012
7055
7013
7056
7014
7057
7015
7058
7016
7059
7017
7060
7018
7061
7019
7062
7020
7063
7021
7064
7022
7065
7023
7066
7024
7067
7025
7068
7026
7069
7027
7070
7028
7071
7029
7072
7030
7073
7031
7074
7032
7075
7033
7076
7034
7077
7035
7078
7036
7079
7037
7080
7038
7081
7039
7082
7083
7041
7084
7042
7085
7043
7086
7044
7087
7045
7088
7046
7089
7047
7090
7048
7091
7049
7092
7050
7093
7051
7094
7052
7095
7053
7096
7054
7097
7055
7098
7056
7099
7057
7100
7058
7101
7059
7102
7060
7103
7061
7104
7062
7105
7063
7106
7064
7107
7065
7108
7066
7109
7067
7110
7068
7111
7069
7112
7070
7113
7071
7114
7072
7115
7073
7116
7074
7117
7075
7118
7076
7119
7077
7120
7078
7121
7079
7122
7080
7123
7081
7124
7082
7125
7083
7126
7127
7085
7128
7086
7129
7087
7130
7088
7131
7089
7132
7090
7133
7091
7134
7092
7135
7093
7136
7094
7137
7095
7138
7096
7139
7097
7140
7098
7141
7099
7142
7100
7143
7101
7144
7102
7145
7103
7146
7104
7147
7105
7148
7106
7149
7107
7150
7108
7151
7109
7152
7110
7153
7111
7154
7112
7155
7113
7156
7114
7157
7115
7158
7116
7159
7117
7160
7118
7161
7119
7162
7120
7163
7121
7164
7122
7165
7123
7166
7124
7167
7125
7168
7126
7169
7127
7170
7171
7129
7172
7130
7173
7131
7174
7132
7175
7133
7176
7134
7177
7135
7178
7136
7179
7137
7180
7138
7181
7139
7182
7140
7183
7141
7184
7142
7185
7143
7186
7144
7187
7145
7188
7146
7189
7147
7190
7148
7191
7149
7192
7150
7193
7151
7194
7152
7195
7153
7196
7154
7197
7155
7198
7156
7199
7157
7200
7158
7201
7159
7202
7160
7203
7161
7204
7162
7205
7163
7206
7164
7207
7165
7208
7166
7209
7167
7210
7168
7211
7169
7212
7170
7213
7171
7214
7215
7173
7216
7174
7217
7175
7218
7176
7219
7177
7220
7178
7221
7179
7222
7180
7223
7181
7224
7182
7225
7183
7226
7184
7227
7185
7228
7186
7229
7187
7230
7188
7231
7189
7232
7190
7233
7191
7234
7192
7235
7193
7236
7194
7237
7195
7238
7196
7239
7197
7240
7198
7241
7199
7242
7200
7243
7201
7244
7202
7245
7203
7246
7204
7247
7205
7248
7206
7249
7207
7250
7208
7251
7209
7252
7210
7253
7211
7254
7212
7255
7213
7256
7214
7257
7215
7258
7259
7217
7260
7218
7261
7219
7262
7220
7263
7221
7264
7222
7265
7223
7266
7224
7267
7225
7268
7226
7269
7227
7270
7228
7271
7229
7272
7230
7273
7231
7274
7232
7275
7233
7276
7234
7277
7235
7278
7236
7279
7237
7280
7238
7281
7239
7282
7240
7283
7241
7284
7242
7285
7243
7286
7244
7287
7245
7288
7246
7289
7247
7290
7248
7291
7249
7292
7250
7293
7251
7294
7252
7295
7253
7296
7254
7297
7255
7298
7256
7299
7257
7300
7258
7301
7259
7302
7303
7261
7304
7262
7305
7263
7306
7264
7307
7265
7308
7266
7309
7267
7310
7268
7311
7269
7312
7270
7313
7271
7314
7272
7315
7273
7316
7274
7317
7275
7318
7276
7319
7277
7320
7278
7321
7279
7322
7280
7323
7281
7324
7282
7325
7283
7326
7284
7327
7285
7328
7286
7329
7287
7330
7288
7331
7289
7332
7290
7333
7291
7334
7292
7335
7293
7336
7294
7337
7295
7338
7296
7339
7297
7340
7298
7341
7299
7342
7300
7343
7301
7344
7302
7345
7303
7346
7347
7305
7348
7306
7349
7307
7350
7308
7351
7309
7352
7310
7353
7311
7354
7312
7355
7313
7356
7314
7357
7315
7358
7316
7359
7317
7360
7318
7361
7319
7362
7320
7363
7321
7364
7322
7365
7323
7366
7324
7367
7325
7368
7326
7369
7327
7370
7328
7371
7329
7372
7330
7373
7331
7374
7332
7375
7333
7376
7334
7377
7335
7378
7336
7379
7337
7380
7338
7381
7339
7382
7340
7383
7341
7384
7342
7385
7343
7386
7344
7387
7345
7388
7346
7389
7347
7390
7391
7349
7392
7350
7393
7351
7394
7352
7395
7353
7396
7354
7397
7355
7398
7356
7399
7357
7400
7358
7401
7359
7402
7360
7403
7361
7404
7362
7405
7363
7406
7364
7407
7365
7408
7366
7409
7367
7410
7368
7411
7369
7412
7370
7413
7371
7414
7372
7415
7373
7416
7374
7417
7375
7418
7376
7419
7377
7420
7378
7421
7379
7422
7380
7423
7381
7424
7382
7425
7383
7426
7384
7427
7385
7428
7386
7429
7387
7430
7388
7431
7389
7432
7390
7433
7391
7434
7435
7393
7436
7394
7437
7395
7438
7396
7439
7397
7440
7398
7441
7399
7442
7400
7443
7401
7444
7402
7445
7403
7446
7404
7447
7405
7448
7406
7449
7407
7450
7408
7451
7409
7452
7410
7453
7411
7454
7412
7455
7413
7456
7414
7457
7415
7458
7416
7459
7417
7460
7418
7461
7419
7462
7420
7463
7421
7464
7422
7465
7423
7466
7424
7467
7425
7468
7426
7469
7427
7470
7428
7471
7429
7472
7430
7473
7431
7474
7432
7475
7433
7476
7434
7477
7435
7478
7479
7437
7480
7438
7481
7439
7482
7440
7483
7441
7484
7442
7485
7443
7486
7444
7487
7445
7488
7446
7489
7447
7490
7448
7491
7449
7492
7450
7493
7451
7494
7452
7495
7453
7496
7454
7497
7455
7498
7456
7499
7457
7500
7458
7501
7459
7502
7460
7503
7461
7504
7462
7505
7463
7506
7464
7507
7465
7508
7466
7509
7467
7510
7468
7511
7469
7512
7470
7513
7471
7514
7472
7515
7473
7516
7474
7517
7475
7518
7476
7519
7477
7520
7478
7521
7479
7522
7523
7481
7524
7482
7525
7483
7526
7484
7527
7485
7528
7486
7529
7487
7530
7488
7531
7489
7532
7490
7533
7491
7534
7492
7535
7493
7536
7494
7537
7495
7538
7496
7539
7497
7540
7498
7541
7499
7542
7500
7543
7501
7544
7502
7545
7503
7546
7504
7547
7505
7548
7506
7549
7507
7550
7508
7551
7509
7552
7510
7553
7511
7554
7512
7555
7513
7556
7514
7557
7515
7558
7516
7559
7517
7560
7518
7561
7519
7562
7520
7563
7521
7564
7522
7565
7523
7566
7567
7525
7568
7526
7569
7527
7570
7528
7571
7529
7572
7530
7573
7531
7574
7532
7575
7533
7576
7534
7577
7535
7578
7536
7579
7537
7580
7538
7581
7539
7582
7540
7583
7541
7584
7542
7585
7543
7586
7544
7587
7545
7588
7546
7589
7547
7590
7548
7591
7549
7592
7550
7593
7551
7594
7552
7595
7553
7596
7554
7597
7555
7598
7556
7599
7557
7600
7558
7601
7559
7602
7560
7603
7561
7604
7562
7605
7563
7606
7564
7607
7565
7608
7566
7609
7567
7610
7611
7569
7612
7570
7613
7571
7614
7572
7615
7573
7616
7574
7617
7575
7618
7576
7619
7577
7620
7578
7621
7579
7622
7580
7623
7581
7624
7582
7625
7583
7626
7584
7627
7585
7628
7586
7629
7587
7630
7588
7631
7589
7632
7590
7633
7591
7634
7592
7635
7593
7636
7594
7637
7595
7638
7596
7639
7597
7640
7598
7641
7599
7642
7600
7643
7601
7644
7602
7645
7603
7646
7604
7647
7605
7648
7606
7649
7607
7650
7608
7651
7609
7652
7610
7653
7611
7654
7655
7613
7656
7614
7657
7615
7658
7616
7659
7617
7660
7618
7661
7619
7662
7620
7663
7621
7664
7622
7665
7623
7666
7624
7667
7625
7668
7626
7669
7627
7670
7628
7671
7629
7672
7630
7673
7631
7674
7632
7675
7633
7676
7634
7677
7635
7678
7636
7679
7637
7680
7638
7681
7639
7682
7640
7683
7641
7684
7642
7685
7643
7686
7644
7687
7645
7688
7646
7689
7647
7690
7648
7691
7649
7692
7650
7693
7651
7694
7652
7695
7653
7696
7654
7697
7655
7698
7699
7657
7700
7658
7701
7659
7702
7660
7703
7661
7704
7662
7705
7663
7706
7664
7707
7665
7708
7666
7709
7667
7710
7668
7711
7669
7712
7670
7713
7671
7714
7672
7715
7673
7716
7674
7717
7675
7718
7676
7719
7677
7720
7678
7721
7679
7722
7680
7723
7681
7724
7682
7725
7683
7726
7684
7727
7685
7728
7686
7729
7687
7730
7688
7731
7689
7732
7690
7733
7691
7734
7692
7735
7693
7736
7694
7737
7695
7738
7696
7739
7697
7740
7698
7741
7699
7742
7743
7701
7702
7703
7704
7705
7706
7707
7708
7709
7710
7711
7712
7713
7714
7715
7716
7717
7718
7719
7720
7721
7722
7723
7724
7725
7726
7727
7728
7729
7730
7731
7732
7733
7734
7735
7736
7737
7738
7739
7740
7741
7742
7743
7745
7788
7746
7789
7747
7790
7748
7791
7749
7792
7750
7793
7751
7794
7752
7795
7753
7796
7754
7797
7755
7798
7756
7799
7757
7800
7758
7801
7759
7802
7760
7803
7761
7804
7762
7805
7763
7806
7764
7807
7765
7808
7766
7809
7767
7810
7768
7811
7769
7812
7770
7813
7771
7814
7772
7815
7773
7816
7774
7817
7775
7818
7776
7819
7777
7820
7778
7821
7779
7822
7780
7823
7781
7824
7782
7825
7783
7826
7784
7827
7785
7828
7786
7829
7787
7830
7831
7789
7832
7790
7833
7791
7834
7792
7835
7793
7836
7794
7837
7795
7838
7796
7839
7797
7840
7798
7841
7799
7842
7800
7843
7801
7844
7802
7845
7803
7846
7804
7847
7805
7848
7806
7849
7807
7850
7808
7851
7809
7852
7810
7853
7811
7854
7812
7855
7813
7856
7814
7857
7815
7858
7816
7859
7817
7860
7818
7861
7819
7862
7820
7863
7821
7864
7822
7865
7823
7866
7824
7867
7825
7868
7826
7869
7827
7870
7828
7871
7829
7872
7830
7873
7831
7874
7875
7833
7876
7834
7877
7835
7878
7836
7879
7837
7880
7838
7881
7839
7882
7840
7883
7841
7884
7842
7885
7843
7886
7844
7887
7845
7888
7846
7889
7847
7890
7848
7891
7849
7892
7850
7893
7851
7894
7852
7895
7853
7896
7854
7897
7855
7898
7856
7899
7857
7900
7858
7901
7859
7902
7860
7903
7861
7904
7862
7905
7863
7906
7864
7907
7865
7908
7866
7909
7867
7910
7868
7911
7869
7912
7870
7913
7871
7914
7872
7915
7873
7916
7874
7917
7875
7918
7919
7877
7920
7878
7921
7879
7922
7880
7923
7881
7924
7882
7925
7883
7926
7884
7927
7885
7928
7886
7929
7887
7930
7888
7931
7889
7932
7890
7933
7891
7934
7892
7935
7893
7936
7894
7937
7895
7938
7896
7939
7897
7940
7898
7941
7899
7942
7900
7943
7901
7944
7902
7945
7903
7946
7904
7947
7905
7948
7906
7949
7907
7950
7908
7951
7909
7952
7910
7953
7911
7954
7912
7955
7913
7956
7914
7957
7915
7958
7916
7959
7917
7960
7918
7961
7919
7962
7963
7921
7964
7922
7965
7923
7966
7924
7967
7925
7968
7926
7969
7927
7970
7928
7971
7929
7972
7930
7973
7931
7974
7932
7975
7933
7976
7934
7977
7935
7978
7936
7979
7937
7980
7938
7981
7939
7982
7940
7983
7941
7984
7942
7985
7943
7986
7944
7987
7945
7988
7946
7989
7947
7990
7948
7991
7949
7992
7950
7993
7951
7994
7952
7995
7953
7996
7954
7997
7955
7998
7956
7999
7957
8000
7958
8001
7959
8002
7960
8003
7961
8004
7962
8005
7963
8006
8007
7965
8008
7966
8009
7967
8010
7968
8011
7969
8012
7970
8013
7971
8014
7972
8015
7973
8016
7974
8017
7975
8018
7976
8019
7977
8020
7978
8021
7979
8022
7980
8023
7981
8024
7982
8025
7983
8026
7984
8027
7985
8028
7986
8029
7987
8030
7988
8031
7989
8032
7990
8033
7991
8034
7992
8035
7993
8036
7994
8037
7995
8038
7996
8039
7997
8040
7998
8041
7999
8042
8000
8043
8001
8044
8002
8045
8003
8046
8004
8047
8005
8048
8006
8049
8007
8050
8051
8009
8052
8010
8053
8011
8054
8012
8055
8013
8056
8014
8057
8015
8058
8016
8059
8017
8060
8018
8061
8019
8062
8020
8063
8021
8064
8022
8065
8023
8066
8024
8067
8025
8068
8026
8069
8027
8070
8028
8071
8029
8072
8030
8073
8031
8074
8032
8075
8033
8076
8034
8077
8035
8078
8036
8079
8037
8080
8038
8081
8039
8082
8040
8083
8041
8084
8042
8085
8043
8086
8044
8087
8045
8088
8046
8089
8047
8090
8048
8091
8049
8092
8050
8093
8051
8094
8095
8053
8096
8054
8097
8055
8098
8056
8099
8057
8100
8058
8101
8059
8102
8060
8103
8061
8104
8062
8105
8063
8106
8064
8107
8065
8108
8066
8109
8067
8110
8068
8111
8069
8112
8070
8113
8071
8114
8072
8115
8073
8116
8074
8117
8075
8118
8076
8119
8077
8120
8078
8121
8079
8122
8080
8123
8081
8124
8082
8125
8083
8126
8084
8127
8085
8128
8086
8129
8087
8130
8088
8131
8089
8132
8090
8133
8091
8134
8092
8135
8093
8136
8094
8137
8095
8138
8139
8097
8140
8098
8141
8099
8142
8100
8143
8101
8144
8102
8145
8103
8146
8104
8147
8105
8148
8106
8149
8107
8150
8108
8151
8109
8152
8110
8153
8111
8154
8112
8155
8113
8156
8114
8157
8115
8158
8116
8159
8117
8160
8118
8161
8119
8162
8120
8163
8121
8164
8122
8165
8123
8166
8124
8167
8125
8168
8126
8169
8127
8170
8128
8171
8129
8172
8130
8173
8131
8174
8132
8175
8133
8176
8134
8177
8135
8178
8136
8179
8137
8180
8138
8181
8139
8182
8183
8141
8184
8142
8185
8143
8186
8144
8187
8145
8188
8146
8189
8147
8190
8148
8191
8149
8192
8150
8193
8151
8194
8152
8195
8153
8196
8154
8197
8155
8198
8156
8199
8157
8200
8158
8201
8159
8202
8160
8203
8161
8204
8162
8205
8163
8206
8164
8207
8165
8208
8166
8209
8167
8210
8168
8211
8169
8212
8170
8213
8171
8214
8172
8215
8173
8216
8174
8217
8175
8218
8176
8219
8177
8220
8178
8221
8179
8222
8180
8223
8181
8224
8182
8225
8183
8226
8227
8185
8228
8186
8229
8187
8230
8188
8231
8189
8232
8190
8233
8191
8234
8192
8235
8193
8236
8194
8237
8195
8238
8196
8239
8197
8240
8198
8241
8199
8242
8200
8243
8201
8244
8202
8245
8203
8246
8204
8247
8205
8248
8206
8249
8207
8250
8208
8251
8209
8252
8210
8253
8211
8254
8212
8255
8213
8256
8214
8257
8215
8258
8216
8259
8217
8260
8218
8261
8219
8262
8220
8263
8221
8264
8222
8265
8223
8266
8224
8267
8225
8268
8226
8269
8227
8270
8271
8229
8272
8230
8273
8231
8274
8232
8275
8233
8276
8234
8277
8235
8278
8236
8279
8237
8280
8238
8281
8239
8282
8240
8283
8241
8284
8242
8285
8243
8286
8244
8287
8245
8288
8246
8289
8247
8290
8248
8291
8249
8292
8250
8293
8251
8294
8252
8295
8253
8296
8254
8297
8255
8298
8256
8299
8257
8300
8258
8301
8259
8302
8260
8303
8261
8304
8262
8305
8263
8306
8264
8307
8265
8308
8266
8309
8267
8310
8268
8311
8269
8312
8270
8313
8271
8314
8315
8273
8316
8274
8317
8275
8318
8276
8319
8277
8320
8278
8321
8279
8322
8280
8323
8281
8324
8282
8325
8283
8326
8284
8327
8285
8328
8286
8329
8287
8330
8288
8331
8289
8332
8290
8333
8291
8334
8292
8335
8293
8336
8294
8337
8295
8338
8296
8339
8297
8340
8298
8341
8299
8342
8300
8343
8301
8344
8302
8345
8303
8346
8304
8347
8305
8348
8306
8349
8307
8350
8308
8351
8309
8352
8310
8353
8311
8354
8312
8355
8313
8356
8314
8357
8315
8358
8359
8317
8360
8318
8361
8319
8362
8320
8363
8321
8364
8322
8365
8323
8366
8324
8367
8325
8368
8326
8369
8327
8370
8328
8371
8329
8372
8330
8373
8331
8374
8332
8375
8333
8376
8334
8377
8335
8378
8336
8379
8337
8380
8338
8381
8339
8382
8340
8383
8341
8384
8342
8385
8343
8386
8344
8387
8345
8388
8346
8389
8347
8390
8348
8391
8349
8392
8350
8393
8351
8394
8352
8395
8353
8396
8354
8397
8355
8398
8356
8399
8357
8400
8358
8401
8359
8402
8403
8361
8404
8362
8405
8363
8406
8364
8407
8365
8408
8366
8409
8367
8410
8368
8411
8369
8412
8370
8413
8371
8414
8372
8415
8373
8416
8374
8417
8375
8418
8376
8419
8377
8420
8378
8421
8379
8422
8380
8423
8381
8424
8382
8425
8383
8426
8384
8427
8385
8428
8386
8429
8387
8430
8388
8431
8389
8432
8390
8433
8391
8434
8392
8435
8393
8436
8394
8437
8395
8438
8396
8439
8397
8440
8398
8441
8399
8442
8400
8443
8401
8444
8402
8445
8403
8446
8447
8405
8448
8406
8449
8407
8450
8408
8451
8409
8452
8410
8453
8411
8454
8412
8455
8413
8456
8414
8457
8415
8458
8416
8459
8417
8460
8418
8461
8419
8462
8420
8463
8421
8464
8422
8465
8423
8466
8424
8467
8425
8468
8426
8469
8427
8470
8428
8471
8429
8472
8430
8473
8431
8474
8432
8475
8433
8476
8434
8477
8435
8478
8436
8479
8437
8480
8438
8481
8439
8482
8440
8483
8441
8484
8442
8485
8443
8486
8444
8487
8445
8488
8446
8489
8447
8490
8491
8449
8492
8450
8493
8451
8494
8452
8495
8453
8496
8454
8497
8455
8498
8456
8499
8457
8500
8458
8501
8459
8502
8460
8503
8461
8504
8462
8505
8463
8506
8464
8507
8465
8508
8466
8509
8467
8510
8468
8511
8469
8512
8470
8513
8471
8514
8472
8515
8473
8516
8474
8517
8475
8518
8476
8519
8477
8520
8478
8521
8479
8522
8480
8523
8481
8524
8482
8525
8483
8526
8484
8527
8485
8528
8486
8529
8487
8530
8488
8531
8489
8532
8490
8533
8491
8534
8535
8493
8536
8494
8537
8495
8538
8496
8539
8497
8540
8498
8541
8499
8542
8500
8543
8501
8544
8502
8545
8503
8546
8504
8547
8505
8548
8506
8549
8507
8550
8508
8551
8509
8552
8510
8553
8511
8554
8512
8555
8513
8556
8514
8557
8515
8558
8516
8559
8517
8560
8518
8561
8519
8562
8520
8563
8521
8564
8522
8565
8523
8566
8524
8567
8525
8568
8526
8569
8527
8570
8528
8571
8529
8572
8530
8573
8531
8574
8532
8575
8533
8576
8534
8577
8535
8578
8579
8537
8580
8538
8581
8539
8582
8540
8583
8541
8584
8542
8585
8543
8586
8544
8587
8545
8588
8546
8589
8547
8590
8548
8591
8549
8592
8550
8593
8551
8594
8552
8595
8553
8596
8554
8597
8555
8598
8556
8599
8557
8600
8558
8601
8559
8602
8560
8603
8561
8604
8562
8605
8563
8606
8564
8607
8565
8608
8566
8609
8567
8610
8568
8611
8569
8612
8570
8613
8571
8614
8572
8615
8573
8616
8574
8617
8575
8618
8576
8619
8577
8620
8578
8621
8579
8622
8623
8581
8624
8582
8625
8583
8626
8584
8627
8585
8628
8586
8629
8587
8630
8588
8631
8589
8632
8590
8633
8591
8634
8592
8635
8593
8636
8594
8637
8595
8638
8596
8639
8597
8640
8598
8641
8599
8642
8600
8643
8601
8644
8602
8645
8603
8646
8604
8647
8605
8648
8606
8649
8607
8650
8608
8651
8609
8652
8610
8653
8611
8654
8612
8655
8613
8656
8614
8657
8615
8658
8616
8659
8617
8660
8618
8661
8619
8662
8620
8663
8621
8664
8622
8665
8623
8666
8667
8625
8668
8626
8669
8627
8670
8628
8671
8629
8672
8630
8673
8631
8674
8632
8675
8633
8676
8634
8677
8635
8678
8636
8679
8637
8680
8638
8681
8639
8682
8640
8683
8641
8684
8642
8685
8643
8686
8644
8687
8645
8688
8646
8689
8647
8690
8648
8691
8649
8692
8650
8693
8651
8694
8652
8695
8653
8696
8654
8697
8655
8698
8656
8699
8657
8700
8658
8701
8659
8702
8660
8703
8661
8704
8662
8705
8663
8706
8664
8707
8665
8708
8666
8709
8667
8710
8711
8669
8712
8670
8713
8671
8714
8672
8715
8673
8716
8674
8717
8675
8718
8676
8719
8677
8720
8678
8721
8679
8722
8680
8723
8681
8724
8682
8725
8683
8726
8684
8727
8685
8728
8686
8729
8687
8730
8688
8731
8689
8732
8690
8733
8691
8734
8692
8735
8693
8736
8694
8737
8695
8738
8696
8739
8697
8740
8698
8741
8699
8742
8700
8743
8701
8744
8702
8745
8703
8746
8704
8747
8705
8748
8706
8749
8707
8750
8708
8751
8709
8752
8710
8753
8711
8754
8755
8713
8756
8714
8757
8715
8758
8716
8759
8717
8760
8718
8761
8719
8762
8720
8763
8721
8764
8722
8765
8723
8766
8724
8767
8725
8768
8726
8769
8727
8770
8728
8771
8729
8772
8730
8773
8731
8774
8732
8775
8733
8776
8734
8777
8735
8778
8736
8779
8737
8780
8738
8781
8739
8782
8740
8783
8741
8784
8742
8785
8743
8786
8744
8787
8745
8788
8746
8789
8747
8790
8748
8791
8749
8792
8750
8793
8751
8794
8752
8795
8753
8796
8754
8797
8755
8798
8799
8757
8800
8758
8801
8759
8802
8760
8803
8761
8804
8762
8805
8763
8806
8764
8807
8765
8808
8766
8809
8767
8810
8768
8811
8769
8812
8770
8813
8771
8814
8772
8815
8773
8816
8774
8817
8775
8818
8776
8819
8777
8820
8778
8821
8779
8822
8780
8823
8781
8824
8782
8825
8783
8826
8784
8827
8785
8828
8786
8829
8787
8830
8788
8831
8789
8832
8790
8833
8791
8834
8792
8835
8793
8836
8794
8837
8795
8838
8796
8839
8797
8840
8798
8841
8799
8842
8843
8801
8844
8802
8845
8803
8846
8804
8847
8805
8848
8806
8849
8807
8850
8808
8851
8809
8852
8810
8853
8811
8854
8812
8855
8813
8856
8814
8857
8815
8858
8816
8859
8817
8860
8818
8861
8819
8862
8820
8863
8821
8864
8822
8865
8823
8866
8824
8867
8825
8868
8826
8869
8827
8870
8828
8871
8829
8872
8830
8873
8831
8874
8832
8875
8833
8876
8834
8877
8835
8878
8836
8879
8837
8880
8838
8881
8839
8882
8840
8883
8841
8884
8842
8885
8843
8886
8887
8845
8888
8846
8889
8847
8890
8848
8891
8849
8892
8850
8893
8851
8894
8852
8895
8853
8896
8854
8897
8855
8898
8856
8899
8857
8900
8858
8901
8859
8902
8860
8903
8861
8904
8862
8905
8863
8906
8864
8907
8865
8908
8866
8909
8867
8910
8868
8911
8869
8912
8870
8913
8871
8914
8872
8915
8873
8916
8874
8917
8875
8918
8876
8919
8877
8920
8878
8921
8879
8922
8880
8923
8881
8924
8882
8925
8883
8926
8884
8927
8885
8928
8886
8929
8887
8930
8931
8889
8932
8890
8933
8891
8934
8892
8935
8893
8936
8894
8937
8895
8938
8896
8939
8897
8940
8898
8941
8899
8942
8900
8943
8901
8944
8902
8945
8903
8946
8904
8947
8905
8948
8906
8949
8907
8950
8908
8951
8909
8952
8910
8953
8911
8954
8912
8955
8913
8956
8914
8957
8915
8958
8916
8959
8917
8960
8918
8961
8919
8962
8920
8963
8921
8964
8922
8965
8923
8966
8924
8967
8925
8968
8926
8969
8927
8970
8928
8971
8929
8972
8930
8973
8931
8974
8975
8933
8976
8934
8977
8935
8978
8936
8979
8937
8980
8938
8981
8939
8982
8940
8983
8941
8984
8942
8985
8943
8986
8944
8987
8945
8988
8946
8989
8947
8990
8948
8991
8949
8992
8950
8993
8951
8994
8952
8995
8953
8996
8954
8997
8955
8998
8956
8999
8957
9000
8958
9001
8959
9002
8960
9003
8961
9004
8962
9005
8963
9006
8964
9007
8965
9008
8966
9009
8967
9010
8968
9011
8969
9012
8970
9013
8971
9014
8972
9015
8973
9016
8974
9017
8975
9018
9019
8977
9020
8978
9021
8979
9022
8980
9023
8981
9024
8982
9025
8983
9026
8984
9027
8985
9028
8986
9029
8987
9030
8988
9031
8989
9032
8990
9033
8991
9034
8992
9035
8993
9036
8994
9037
8995
9038
8996
9039
8997
9040
8998
9041
8999
9042
9000
9043
9001
9044
9002
9045
9003
9046
9004
9047
9005
9048
9006
9049
9007
9050
9008
9051
9009
9052
9010
9053
9011
9054
9012
9055
9013
9056
9014
9057
9015
9058
9016
9059
9017
9060
9018
9061
9019
9062
9063
9021
9064
9022
9065
9023
9066
9024
9067
9025
9068
9026
9069
9027
9070
9028
9071
9029
9072
9030
9073
9031
9074
9032
9075
9033
9076
9034
9077
9035
9078
9036
9079
9037
9080
9038
9081
9039
9082
9040
9083
9041
9084
9042
9085
9043
9086
9044
9087
9045
9088
9046
9089
9047
9090
9048
9091
9049
9092
9050
9093
9051
9094
9052
9095
9053
9096
9054
9097
9055
9098
9056
9099
9057
9100
9058
9101
9059
9102
9060
9103
9061
9104
9062
9105
9063
9106
9107
9065
9108
9066
9109
9067
9110
9068
9111
9069
9112
9070
9113
9071
9114
9072
9115
9073
9116
9074
9117
9075
9118
9076
9119
9077
9120
9078
9121
9079
9122
9080
9123
9081
9124
9082
9125
9083
9126
9084
9127
9085
9128
9086
9129
9087
9130
9088
9131
9089
9132
9090
9133
9091
9134
9092
9135
9093
9136
9094
9137
9095
9138
9096
9139
9097
9140
9098
9141
9099
9142
9100
9143
9101
9144
9102
9145
9103
9146
9104
9147
9105
9148
9106
9149
9107
9150
9151
9109
9152
9110
9153
9111
9154
9112
9155
9113
9156
9114
9157
9115
9158
9116
9159
9117
9160
9118
9161
9119
9162
9120
9163
9121
9164
9122
9165
9123
9166
9124
9167
9125
9168
9126
9169
9127
9170
9128
9171
9129
9172
9130
9173
9131
9174
9132
9175
9133
9176
9134
9177
9135
9178
9136
9179
9137
9180
9138
9181
9139
9182
9140
9183
9141
9184
9142
9185
9143
9186
9144
9187
9145
9188
9146
9189
9147
9190
9148
9191
9149
9192
9150
9193
9151
9194
9195
9153
9196
9154
9197
9155
9198
9156
9199
9157
9200
9158
9201
9159
9202
9160
9203
9161
9204
9162
9205
9163
9206
9164
9207
9165
9208
9166
9209
9167
9210
9168
9211
9169
9212
9170
9213
9171
9214
9172
9215
9173
9216
9174
9217
9175
9218
9176
9219
9177
9220
9178
9221
9179
9222
9180
9223
9181
9224
9182
9225
9183
9226
9184
9227
9185
9228
9186
9229
9187
9230
9188
9231
9189
9232
9190
9233
9191
9234
9192
9235
9193
9236
9194
9237
9195
9238
9239
9197
9240
9198
9241
9199
9242
9200
9243
9201
9244
9202
9245
9203
9246
9204
9247
9205
9248
9206
9249
9207
9250
9208
9251
9209
9252
9210
9253
9211
9254
9212
9255
9213
9256
9214
9257
9215
9258
9216
9259
9217
9260
9218
9261
9219
9262
9220
9263
9221
9264
9222
9265
9223
9266
9224
9267
9225
9268
9226
9269
9227
9270
9228
9271
9229
9272
9230
9273
9231
9274
9232
9275
9233
9276
9234
9277
9235
9278
9236
9279
9237
9280
9238
9281
9239
9282
9283
9241
9284
9242
9285
9243
9286
9244
9287
9245
9288
9246
9289
9247
9290
9248
9291
9249
9292
9250
9293
9251
9294
9252
9295
9253
9296
9254
9297
9255
9298
9256
9299
9257
9300
9258
9301
9259
9302
9260
9303
9261
9304
9262
9305
9263
9306
9264
9307
9265
9308
9266
9309
9267
9310
9268
9311
9269
9312
9270
9313
9271
9314
9272
9315
9273
9316
9274
9317
9275
9318
9276
9319
9277
9320
9278
9321
9279
9322
9280
9323
9281
9324
9282
9325
9283
9326
9327
9285
9328
9286
9329
9287
9330
9288
9331
9289
9332
9290
9333
9291
9334
9292
9335
9293
9336
9294
9337
9295
9338
9296
9339
9297
9340
9298
9341
9299
9342
9300
9343
9301
9344
9302
9345
9303
9346
9304
9347
9305
9348
9306
9349
9307
9350
9308
9351
9309
9352
9310
9353
9311
9354
9312
9355
9313
9356
9314
9357
9315
9358
9316
9359
9317
9360
9318
9361
9319
9362
9320
9363
9321
9364
9322
9365
9323
9366
9324
9367
9325
9368
9326
9369
9327
9370
9371
9329
9372
9330
9373
9331
9374
9332
9375
9333
9376
9334
9377
9335
9378
9336
9379
9337
9380
9338
9381
9339
9382
9340
9383
9341
9384
9342
9385
9343
9386
9344
9387
9345
9388
9346
9389
9347
9390
9348
9391
9349
9392
9350
9393
9351
9394
9352
9395
9353
9396
9354
9397
9355
9398
9356
9399
9357
9400
9358
9401
9359
9402
9360
9403
9361
9404
9362
9405
9363
9406
9364
9407
9365
9408
9366
9409
9367
9410
9368
9411
9369
9412
9370
9413
9371
9414
9415
9373
9416
9374
9417
9375
9418
9376
9419
9377
9420
9378
9421
9379
9422
9380
9423
9381
9424
9382
9425
9383
9426
9384
9427
9385
9428
9386
9429
9387
9430
9388
9431
9389
9432
9390
9433
9391
9434
9392
9435
9393
9436
9394
9437
9395
9438
9396
9439
9397
9440
9398
9441
9399
9442
9400
9443
9401
9444
9402
9445
9403
9446
9404
9447
9405
9448
9406
9449
9407
9450
9408
9451
9409
9452
9410
9453
9411
9454
9412
9455
9413
9456
9414
9457
9415
9458
9459
9417
9460
9418
9461
9419
9462
9420
9463
9421
9464
9422
9465
9423
9466
9424
9467
9425
9468
9426
9469
9427
9470
9428
9471
9429
9472
9430
9473
9431
9474
9432
9475
9433
9476
9434
9477
9435
9478
9436
9479
9437
9480
9438
9481
9439
9482
9440
9483
9441
9484
9442
9485
9443
9486
9444
9487
9445
9488
9446
9489
9447
9490
9448
9491
9449
9492
9450
9493
9451
9494
9452
9495
9453
9496
9454
9497
9455
9498
9456
9499
9457
9500
9458
9501
9459
9502
9503
9461
9504
9462
9505
9463
9506
9464
9507
9465
9508
9466
9509
9467
9510
9468
9511
9469
9512
9470
9513
9471
9514
9472
9515
9473
9516
9474
9517
9475
9518
9476
9519
9477
9520
9478
9521
9479
9522
9480
9523
9481
9524
9482
9525
9483
9526
9484
9527
9485
9528
9486
9529
9487
9530
9488
9531
9489
9532
9490
9533
9491
9534
9492
9535
9493
9536
9494
9537
9495
9538
9496
9539
9497
9540
9498
9541
9499
9542
9500
9543
9501
9544
9502
9545
9503
9546
9547
9505
9548
9506
9549
9507
9550
9508
9551
9509
9552
9510
9553
9511
9554
9512
9555
9513
9556
9514
9557
9515
9558
9516
9559
9517
9560
9518
9561
9519
9562
9520
9563
9521
9564
9522
9565
9523
9566
9524
9567
9525
9568
9526
9569
9527
9570
9528
9571
9529
9572
9530
9573
9531
9574
9532
9575
9533
9576
9534
9577
9535
9578
9536
9579
9537
9580
9538
9581
9539
9582
9540
9583
9541
9584
9542
9585
9543
9586
9544
9587
9545
9588
9546
9589
9547
9590
9591
9549
9592
9550
9593
9551
9594
9552
9595
9553
9596
9554
9597
9555
9598
9556
9599
9557
9600
9558
9601
9559
9602
9560
9603
9561
9604
9562
9605
9563
9606
9564
9607
9565
9608
9566
9609
9567
9610
9568
9611
9569
9612
9570
9613
9571
9614
9572
9615
9573
9616
9574
9617
9575
9618
9576
9619
9577
9620
9578
9621
9579
9622
9580
9623
9581
9624
9582
9625
9583
9626
9584
9627
9585
9628
9586
9629
9587
9630
9588
9631
9589
9632
9590
9633
9591
9634
9635
9593
9636
9594
9637
9595
9638
9596
9639
9597
9640
9598
9641
9599
9642
9600
9643
9601
9644
9602
9645
9603
9646
9604
9647
9605
9648
9606
9649
9607
9650
9608
9651
9609
9652
9610
9653
9611
9654
9612
9655
9613
9656
9614
9657
9615
9658
9616
9659
9617
9660
9618
9661
9619
9662
9620
9663
9621
9664
9622
9665
9623
9666
9624
9667
9625
9668
9626
9669
9627
9670
9628
9671
9629
9672
9630
9673
9631
9674
9632
9675
9633
9676
9634
9677
9635
9678
9679
9637
9638
9639
9640
9641
9642
9643
9644
9645
9646
9647
9648
9649
9650
9651
9652
9653
9654
9655
9656
9657
9658
9659
9660
9661
9662
9663
9664
9665
9666
9667
9668
9669
9670
9671
9672
9673
9674
9675
9676
9677
9678
9679
)


// ************************************************************************* //
